1.12112 1.11936
1.12301 1.12199
1.12792 1.12729
1.13443 1.13437
1.1403 1.14064
1.14255 1.14335
1.1375 1.1383
1.12152 1.1216
1.09287 1.09252
1.05326 1.05349
1.00715 1.00665
0.959367 0.958907
0.913603 0.913916
0.872105 0.871741
0.835902 0.834292
0.805054 0.804864
0.778871 0.778492
0.75617 0.755982
0.735585 0.73613
0.715908 0.716455
0.696379 0.697413
0.676881 0.676934
0.65804 0.657828
0.641308 0.641692
0.629119 0.630713
0.62496 0.626211
0.632936 0.632772
0.656307 0.654582
0.695378 0.693316
0.746588 0.747577
0.804067 0.805324
0.862237 0.862173
0.917312 0.917476
0.967349 0.967559
1.01164 1.01164
1.05009 1.05087
1.08287 1.08341
1.11017 1.11082
1.13219 1.13302
1.14924 1.15001
1.16182 1.16224
1.17077 1.17076
1.17744 1.17735
1.18376 1.18341
1.1921 1.1913
1.20461 1.20458
1.22203 1.22324
1.24235 1.24315
1.26033 1.2608
1.26909 1.26949
1.2634 1.2641
1.24192 1.24307
1.20675 1.20755
1.16159 1.16136
1.11027 1.10927
1.05602 1.05663
1.00129 1.00108
0.947831 0.946186
0.896798 0.89643
0.848798 0.848429
0.803921 0.803026
0.761739 0.761397
0.72141 0.720676
0.681993 0.680624
0.642954 0.642669
0.604561 0.6046
0.567873 0.56704
0.534448 0.533025
0.506129 0.505351
0.485098 0.486406
0.474078 0.474827
0.476368 0.477454
0.495251 0.495829
0.532492 0.531183
0.586532 0.585517
0.652106 0.651508
0.722116 0.720348
0.790184 0.789413
0.85198 0.852227
0.90516 0.905394
0.948715 0.948534
0.98241 0.982614
1.0065 1.00563
1.02166 1.02084
1.02894 1.02882
1.02976 1.03059
1.02584 1.02679
1.01924 1.02024
1.01241 1.01137
1.00821 1.00826
1.00972 1.01038
1.01965 1.02116
1.03945 1.04082
1.06825 1.06979
1.10202 1.10506
1.13393 1.13669
1.15676 1.15984
1.16634 1.16857
1.16272 1.16321
1.14896 1.14981
1.12907 1.12952
1.10681 1.10942
1.08519 1.08606
1.06629 1.06848
1.0513 1.05271
1.04041 1.04173
1.03276 1.03371
1.02644 1.02715
1.01856 1.01829
1.0057 1.00502
0.984736 0.984451
0.954313 0.955585
0.915863 0.917872
0.873045 0.873889
0.830073 0.831639
0.79052 0.790899
0.757017 0.757837
0.731321 0.731677
0.714341 0.714341
0.70608 0.706667
0.705638 0.706674
0.711402 0.712778
0.721442 0.722236
0.734001 0.733995
0.747961 0.748172
0.763228 0.763327
0.780941 0.781915
0.80337 0.804662
0.833118 0.833271
0.871426 0.870815
0.916562 0.915364
0.964209 0.964122
1.00978 1.00989
1.05031 1.04996
1.08487 1.08501
1.11393 1.11479
1.13872 1.13932
1.16062 1.16176
1.18081 1.1815
1.20008 1.20056
1.21883 1.21942
1.23716 1.23744
1.255 1.25451
1.2722 1.27103
1.28849 1.28756
1.30307 1.30313
1.31388 1.31332
1.31696 1.31533
1.30749 1.30617
1.2828 1.28328
1.24404 1.2444
1.19492 1.19517
1.13949 1.13973
1.08096 1.08032
1.02149 1.02049
0.962415 0.962487
0.904539 0.904698
0.848348 0.848549
0.794166 0.793372
0.742232 0.741898
0.692721 0.692502
0.645763 0.644956
0.601474 0.60093
0.560036 0.559622
0.521821 0.520981
0.487532 0.48665
0.458303 0.457468
0.435814 0.435516
0.422459 0.422814
0.42147 0.420732
0.436606 0.436597
0.47089 0.471117
0.524402 0.525074
0.592657 0.591912
0.667645 0.667317
0.74103 0.740783
0.806744 0.806807
0.861591 0.861014
0.904574 0.904699
0.936008 0.935629
0.956867 0.956271
0.968421 0.968182
0.972088 0.971704
0.969401 0.969036
0.962052 0.962021
0.951971 0.951411
0.94145 0.941378
0.933242 0.932308
0.930503 0.929599
0.936384 0.935388
0.95318 0.953612
0.981232 0.979739
1.01795 1.01722
1.05761 1.05639
1.09308 1.09195
1.11907 1.11876
1.13416 1.13369
1.14012 1.14053
1.14018 1.13992
1.13762 1.13783
1.1352 1.13528
1.13485 1.13626
1.13759 1.1378
1.14354 1.14405
1.15192 1.15223
1.16121 1.16179
1.1692 1.1696
1.17294 1.17254
1.16875 1.16881
1.1529 1.15325
1.12371 1.12394
1.08322 1.08368
1.0361 1.03633
0.987153 0.987624
0.939919 0.940767
0.89643 0.896649
0.857506 0.856986
0.82304 0.823421
0.792277 0.792682
0.764107 0.763849
0.737385 0.737268
0.711222 0.711038
0.685194 0.685104
0.659431 0.659321
0.634648 0.634672
0.612215 0.612078
0.594325 0.594384
0.584151 0.58445
0.585633 0.585785
0.602411 0.602227
0.635942 0.636066
0.684048 0.68419
0.741529 0.741218
0.802447 0.801705
0.862069 0.862259
0.917438 0.917652
0.967014 0.96735
1.01012 1.01008
1.04652 1.04622
1.07621 1.07561
1.09933 1.09905
1.11623 1.11573
1.12753 1.12732
1.1342 1.13464
1.1377 1.13756
1.14003 1.13974
1.14376 1.14432
1.1516 1.15148
1.16554 1.16553
1.18571 1.18591
1.20931 1.2097
1.23046 1.23114
1.24205 1.24244
1.23896 1.23889
1.22013 1.22038
1.18798 1.18826
1.14645 1.14639
1.0995 1.09992
1.05041 1.05136
1.00165 1.00124
0.954906 0.955542
0.911205 0.911409
0.870899 0.871061
0.833647 0.834184
0.798417 0.799152
0.763718 0.763496
0.728153 0.728459
0.691126 0.691253
0.653237 0.653098
0.61609 0.615836
0.581778 0.581229
0.552554 0.552725
0.530841 0.531166
0.519378 0.519639
0.521123 0.521342
0.538612 0.539736
0.572732 0.573153
0.621637 0.620962
0.680891 0.681385
0.744967 0.744444
0.808917 0.809938
0.869169 0.868978
0.923434 0.922997
0.970256 0.970642
1.00867 1.0082
1.03817 1.03759
1.05881 1.05972
1.07125 1.07142
1.07673 1.07666
1.07697 1.07719
1.07407 1.07419
1.07051 1.06993
1.06908 1.06956
1.0726 1.07228
1.0834 1.08325
1.10249 1.10241
1.12871 1.12922
1.15795 1.1584
1.18348 1.18224
1.19815 1.19751
1.19775 1.19616
1.18248 1.18321
1.15574 1.15526
1.12202 1.1216
1.08542 1.08529
1.04913 1.04896
1.01535 1.0156
0.985334 0.98448
0.95941 0.959303
0.936931 0.936948
0.916278 0.915879
0.895066 0.895247
0.870688 0.870144
0.841213 0.841168
0.806318 0.806481
0.767603 0.768013
0.727959 0.728541
0.690594 0.69068
0.658485 0.658796
0.634295 0.634824
0.620375 0.620425
0.61852 0.618415
0.629489 0.629075
0.652586 0.652416
0.685724 0.685305
0.726043 0.726305
0.77074 0.770457
0.817672 0.817637
0.865522 0.86547
0.913554 0.914215
0.961016 0.961869
1.00651 1.00671
1.04788 1.04809
1.08299 1.08319
1.11058 1.11075
1.13067 1.13113
1.14438 1.14426
1.15358 1.15359
1.16054 1.16082
1.16764 1.16759
1.17699 1.17732
1.19 1.18924
1.20703 1.20794
1.22706 1.22801
1.24756 1.24734
1.26453 1.26581
1.27309 1.27374
1.26872 1.2698
1.24894 1.24898
1.21451 1.21508
1.16895 1.16952
1.11678 1.11651
1.06202 1.06221
1.00759 1.006
0.955267 0.95507
0.905872 0.906278
0.859461 0.859599
0.815519 0.815271
0.773217 0.773353
0.731743 0.732523
0.69062 0.691085
0.649898 0.650332
0.610164 0.610723
0.572417 0.573108
0.537962 0.539262
0.508423 0.508877
0.485899 0.486586
0.473158 0.473223
0.47361 0.473644
0.490626 0.491459
0.525986 0.525344
0.57819 0.578291
0.642265 0.641951
0.71156 0.711947
0.779964 0.780362
0.843032 0.843598
0.898018 0.897758
0.94347 0.943557
0.978863 0.979412
1.00435 1.00416
1.02062 1.02047
1.02875 1.02836
1.03013 1.03015
1.02647 1.02637
1.0198 1.0193
1.01257 1.01328
1.00765 1.00815
1.00817 1.00852
1.01687 1.01703
1.03535 1.03573
1.06305 1.06335
1.09648 1.09707
1.1292 1.12999
1.1538 1.15477
1.16536 1.16619
1.16334 1.16295
1.15057 1.15135
1.13113 1.13115
1.10891 1.11044
1.08704 1.08736
1.06776 1.06884
1.05239 1.05344
1.04125 1.04202
1.03359 1.03415
1.02759 1.0283
1.02044 1.02065
1.00872 1.0086
0.98923 0.989375
0.960279 0.960705
0.922878 0.923731
0.880452 0.879924
0.837262 0.838296
0.797053 0.796952
0.762626 0.763191
0.735872 0.735971
0.717815 0.717296
0.708563 0.709114
0.707295 0.708157
0.712433 0.713204
0.722017 0.722491
0.734211 0.734967
0.747782 0.748264
0.762495 0.762815
0.779346 0.780482
0.800505 0.802126
0.828649 0.829329
0.865388 0.865068
0.909514 0.908096
0.956992 0.956436
1.0031 1.0036
1.04455 1.04436
1.0801 1.07995
1.11007 1.11045
1.1356 1.1351
1.15806 1.15786
1.17866 1.17858
1.19822 1.19798
1.21719 1.21741
1.23568 1.23609
1.25363 1.25352
1.2709 1.2705
1.28727 1.28705
1.30208 1.30315
1.31353 1.31418
1.31798 1.31772
1.31059 1.31007
1.28817 1.28946
1.25129 1.25198
1.2034 1.20411
1.14859 1.14879
1.09023 1.09022
1.03063 1.03015
0.971246 0.971034
0.912956 0.912835
0.856296 0.856763
0.801623 0.801228
0.749195 0.749059
0.699203 0.699412
0.651782 0.651436
0.607045 0.606713
0.56515 0.56505
0.526422 0.525993
0.491496 0.490992
0.461423 0.460986
0.437784 0.437854
0.422848 0.423453
0.419723 0.419392
0.432161 0.431992
0.463454 0.463683
0.514302 0.514925
0.580913 0.580122
0.655581 0.654728
0.729758 0.729698
0.796924 0.796938
0.853482 0.852603
0.898184 0.898253
0.931216 0.931037
0.953496 0.953123
0.966273 0.966499
0.970951 0.970521
0.969045 0.968324
0.962215 0.9625
0.952348 0.951933
0.941669 0.941343
0.932855 0.931829
0.929022 0.928333
0.933376 0.932971
0.948423 0.948877
0.974878 0.974125
1.01064 1.01032
1.05041 1.04955
1.08709 1.08683
1.11491 1.11465
1.13187 1.13184
1.13934 1.13936
1.14041 1.14
1.1384 1.13863
1.13616 1.13637
1.13574 1.13684
1.1383 1.13821
1.14408 1.14413
1.15242 1.15225
1.16192 1.16224
1.1705 1.17064
1.17534 1.1747
1.17287 1.17257
1.15923 1.15953
1.13225 1.13257
1.09333 1.09367
1.04689 1.04717
0.997873 0.998639
0.950038 0.950651
0.90565 0.906044
0.865695 0.865199
0.830195 0.830452
0.798482 0.79897
0.769494 0.769413
0.742088 0.741814
0.715343 0.715033
0.688774 0.688609
0.662432 0.662419
0.636938 0.636922
0.613531 0.613157
0.594229 0.593998
0.582005 0.582084
0.580689 0.580727
0.594099 0.594189
0.624282 0.624528
0.66983 0.671167
0.726016 0.726265
0.786864 0.786697
0.847291 0.847832
0.903956 0.903716
0.955037 0.955095
0.999685 0.999445
1.03757 1.037
1.06862 1.06756
1.09295 1.09258
1.1109 1.11016
1.12302 1.12269
1.13024 1.13049
1.13391 1.13371
1.13597 1.13597
1.1389 1.1391
1.14544 1.1457
1.15787 1.15766
1.17685 1.17718
1.20032 1.20066
1.22305 1.22309
1.23793 1.23788
1.23905 1.23927
1.22433 1.22467
1.19549 1.1958
1.1563 1.15592
1.11082 1.11144
1.06254 1.06394
1.01411 1.01469
0.967416 0.968863
0.923621 0.924418
0.883229 0.883622
0.846036 0.847237
0.811118 0.811545
0.776998 0.776884
0.742142 0.742123
0.705681 0.706107
0.667934 0.667876
0.63035 0.630037
0.594996 0.594652
0.564138 0.564206
0.540166 0.540581
0.52573 0.525852
0.523734 0.523675
0.53685 0.538234
0.56643 0.567259
0.61134 0.611103
0.667768 0.66865
0.730431 0.730705
0.794262 0.794161
0.855416 0.855477
0.91135 0.910871
0.960417 0.960692
1.00149 1.0012
1.03384 1.03358
1.05729 1.05748
1.07231 1.07261
1.07996 1.08028
1.08184 1.08221
1.07994 1.07991
1.07667 1.077
1.07473 1.07507
1.07697 1.07708
1.08585 1.08633
1.10277 1.10326
1.12718 1.12714
1.15578 1.15613
1.18242 1.18227
1.19979 1.20086
1.20264 1.20178
1.19004 1.19127
1.16479 1.16501
1.1313 1.13145
1.09389 1.09411
1.05601 1.05589
1.02013 1.0207
0.987739 0.987939
0.95942 0.959734
0.934799 0.935426
0.912536 0.911667
0.890471 0.89077
0.866075 0.865472
0.837253 0.836732
0.803277 0.803185
0.765272 0.76594
0.725808 0.726661
0.687989 0.688015
0.654805 0.655239
0.628991 0.629954
0.613043 0.613351
0.609033 0.609085
0.618134 0.617915
0.640081 0.640333
0.673043 0.672458
0.71414 0.7153
0.760321 0.76044
0.809077 0.809381
0.858725 0.858318
0.908231 0.908504
0.956689 0.957156
1.00274 1.00306
1.0444 1.04422
1.07964 1.07936
1.10725 1.10736
1.12719 1.12767
1.14049 1.14059
1.14897 1.14925
1.1549 1.15534
1.16072 1.16047
1.1687 1.16882
1.18051 1.18016
1.19678 1.19748
1.21676 1.21704
1.23801 1.23758
1.25645 1.25668
1.26692 1.26676
1.26455 1.26545
1.24664 1.24671
1.21381 1.2141
1.16956 1.16927
1.11844 1.11708
1.06456 1.06546
1.01093 1.01001
0.95942 0.95858
0.91095 0.9112
0.865627 0.865464
0.822932 0.822631
0.781952 0.78229
0.741723 0.742396
0.701592 0.701875
0.66148 0.662293
0.621939 0.62283
0.584026 0.584473
0.549139 0.550694
0.518983 0.520002
0.495692 0.496164
0.482015 0.482013
0.481299 0.481236
0.496858 0.49795
0.530504 0.529738
0.58091 0.581269
0.643384 0.643466
0.711533 0.711944
0.779402 0.7802
0.842598 0.843084
0.898328 0.898451
0.945018 0.945532
0.981961 0.982437
1.00912 1.00985
1.02703 1.02764
1.03664 1.03672
1.03931 1.03938
1.03669 1.03686
1.03081 1.03052
1.02409 1.02474
1.0194 1.02
1.0198 1.01955
1.02807 1.02884
1.04581 1.04623
1.07259 1.07239
1.10509 1.10496
1.137 1.13742
1.16086 1.16141
1.17149 1.17183
1.16808 1.16725
1.15338 1.15329
1.13151 1.13151
1.10649 1.10681
1.08157 1.08142
1.05908 1.05907
1.04045 1.04112
1.02609 1.02692
1.01539 1.01619
1.00661 1.00669
0.997045 0.997204
0.983393 0.982723
0.962578 0.962191
0.933021 0.933146
0.895697 0.896069
0.853854 0.852989
0.811564 0.811849
0.772483 0.772092
0.739439 0.73947
0.714455 0.714278
0.698755 0.698288
0.692646 0.693193
0.695436 0.696323
0.705563 0.706404
0.720981 0.721983
0.739703 0.739674
0.760314 0.758927
0.782381 0.781707
0.806646 0.807622
0.83487 0.836301
0.869015 0.86979
0.909686 0.908786
0.954844 0.953695
1.00043 1.00077
1.04249 1.04283
1.07877 1.07826
1.10886 1.10865
1.13364 1.13339
1.15463 1.15422
1.17342 1.17345
1.19132 1.19122
1.2092 1.2098
1.22735 1.22767
1.24567 1.24624
1.26372 1.26396
1.28086 1.28073
1.29608 1.29662
1.30761 1.30858
1.31229 1.31112
1.30581 1.30474
1.28477 1.2855
1.24914 1.24991
1.20206 1.20205
1.14778 1.14755
1.08995 1.08986
1.03109 1.03038
0.97272 0.972523
0.915626 0.914965
0.860188 0.860618
0.806593 0.806191
0.754979 0.754875
0.705501 0.705949
0.658332 0.658161
0.613669 0.613738
0.571758 0.571804
0.532974 0.533146
0.497944 0.498108
0.4677 0.467947
0.44382 0.444483
0.428598 0.430062
0.425169 0.42497
0.437252 0.436888
0.468029 0.468308
0.518082 0.519141
0.583698 0.583886
0.657493 0.657873
0.731236 0.731459
0.798501 0.798339
0.855577 0.85475
0.901035 0.901326
0.934911 0.935209
0.958029 0.957795
0.971593 0.97197
0.976986 0.977059
0.975708 0.975314
0.969412 0.970328
0.959979 0.960278
0.949637 0.949687
0.941066 0.941013
0.937371 0.937331
0.941722 0.94223
0.956581 0.957346
0.98266 0.982183
1.01791 1.01798
1.05708 1.05701
1.09302 1.09366
1.11985 1.1207
1.13547 1.13546
1.14128 1.14193
1.14045 1.14108
1.1364 1.13626
1.13207 1.13148
1.12958 1.12983
1.13017 1.12902
1.13416 1.13367
1.14093 1.14036
1.14905 1.14897
1.15635 1.15639
1.15992 1.16017
1.15613 1.15632
1.14125 1.14132
1.11332 1.11308
1.07394 1.07449
1.02758 1.02737
0.979131 0.979162
0.932298 0.932735
0.889323 0.889197
0.851199 0.850007
0.817948 0.817854
0.788881 0.788799
0.762866 0.762528
0.73865 0.73911
0.715176 0.715556
0.691835 0.692232
0.66861 0.668508
0.646133 0.646195
0.625756 0.62644
0.609704 0.611027
0.601217 0.602611
0.604305 0.604637
0.622594 0.621803
0.657346 0.656129
0.706066 0.705763
0.763333 0.764291
0.823245 0.823089
0.88131 0.881395
0.934876 0.935517
0.982695 0.983405
1.02432 1.0248
1.05967 1.06031
1.08882 1.08942
1.11193 1.11238
1.12932 1.1301
1.14151 1.14177
1.1494 1.14989
1.15434 1.15467
1.1583 1.15899
1.16374 1.16407
1.17322 1.17324
1.18842 1.18917
1.20888 1.2102
1.231 1.23299
1.24835 1.24921
1.25418 1.25463
1.24454 1.24435
1.21957 1.21963
1.18228 1.18365
1.13664 1.13661
1.08641 1.08579
1.03459 1.03521
0.983386 0.983521
0.934304 0.93408
0.888227 0.888165
0.84543 0.845671
0.805569 0.804873
0.767711 0.768115
0.73059 0.73
0.69315 0.692425
0.655131 0.654892
0.617317 0.61757
0.581276 0.580768
0.548943 0.547974
0.522458 0.522103
0.504274 0.504793
0.497302 0.49704
0.504711 0.504054
0.529022 0.52902
0.570587 0.569444
0.626497 0.626193
0.691177 0.690622
0.758402 0.757504
0.823093 0.823271
0.88191 0.882251
0.932945 0.933326
0.975183 0.975022
1.00817 1.00867
1.03193 1.03225
1.04701 1.04668
1.05444 1.0542
1.0557 1.05626
1.05264 1.05354
1.04748 1.04815
1.04282 1.04315
1.04159 1.04162
1.04665 1.04648
1.06018 1.06074
1.08272 1.08324
1.1122 1.11373
1.14343 1.14418
1.16905 1.16981
1.18255 1.18346
1.18128 1.18164
1.16676 1.16763
1.14283 1.14325
1.11378 1.11418
1.0833 1.08265
1.05416 1.05441
1.0282 1.0276
1.00634 1.00663
0.988499 0.98813
0.973555 0.972678
0.95937 0.959172
0.943052 0.942948
0.921624 0.92151
0.893113 0.893897
0.857637 0.858876
0.81756 0.817337
0.776457 0.776262
0.737897 0.737902
0.704895 0.704902
0.679873 0.679791
0.664655 0.664285
0.66028 0.661096
0.666735 0.66732
0.682859 0.683634
0.706618 0.706819
0.735682 0.734494
0.768041 0.76668
0.802474 0.801312
0.838733 0.838345
0.877367 0.878086
0.919 0.919616
0.963167 0.962965
1.00762 1.00696
1.04906 1.04925
1.0848 1.08486
1.11368 1.11336
1.13607 1.13571
1.15338 1.15325
1.16754 1.16749
1.18053 1.18008
1.19406 1.19338
1.20922 1.20856
1.22632 1.22523
1.24486 1.24407
1.26353 1.26333
1.28035 1.27989
1.29261 1.29256
1.29681 1.29626
1.28912 1.28819
1.26686 1.26495
1.23031 1.22934
1.18271 1.18271
1.12844 1.12789
1.07134 1.07046
1.01406 1.01457
0.958184 0.959412
0.904377 0.90459
0.852734 0.852887
0.803034 0.802326
0.754992 0.755847
0.708451 0.708623
0.663471 0.662925
0.620327 0.619729
0.579477 0.579273
0.541549 0.541072
0.507403 0.506428
0.478275 0.478413
0.45598 0.456677
0.443108 0.443761
0.443051 0.442414
0.45947 0.45907
0.494797 0.494085
0.548222 0.548661
0.614895 0.615152
0.68746 0.68817
0.758704 0.758821
0.823311 0.82313
0.878205 0.878392
0.922113 0.92323
0.95498 0.955575
0.977478 0.977066
0.990697 0.991102
0.995959 0.996797
0.994763 0.995107
0.988801 0.989094
0.980042 0.980862
0.970853 0.971666
0.964063 0.964525
0.962831 0.961429
0.970139 0.970959
0.987942 0.987405
1.01616 1.0156
1.05181 1.0525
1.0888 1.08958
1.11982 1.12076
1.13975 1.1399
1.14756 1.14791
1.14557 1.1468
1.13738 1.13786
1.1266 1.12554
1.11614 1.11601
1.10809 1.10704
1.10364 1.10323
1.10297 1.10289
1.1053 1.10526
1.10888 1.10936
1.11112 1.11158
1.10864 1.10953
1.09771 1.09859
1.07541 1.0753
1.04147 1.04148
0.998924 0.998182
0.952543 0.951997
0.906713 0.90642
0.86455 0.864979
0.827887 0.826861
0.797476 0.797045
0.77316 0.773047
0.754048 0.753614
0.738753 0.738741
0.725725 0.725719
0.713624 0.713906
0.70166 0.702406
0.689831 0.690159
0.679083 0.679794
0.671439 0.672792
0.670073 0.672115
0.678991 0.680295
0.701726 0.701174
0.73915 0.738021
0.788182 0.789679
0.843109 0.845265
0.898354 0.899116
0.950205 0.950384
0.996939 0.9963
1.03816 1.03735
1.07415 1.07324
1.10535 1.10539
1.13219 1.13242
1.155 1.15486
1.17405 1.17437
1.18968 1.19003
1.20243 1.20372
1.21325 1.21514
1.22358 1.22607
1.23522 1.23732
1.24966 1.2505
1.26673 1.2668
1.28325 1.28238
1.29324 1.2935
1.29061 1.29145
1.27236 1.27196
1.2394 1.2391
1.19494 1.19487
1.14275 1.14272
1.08616 1.08723
1.02779 1.02851
0.969567 0.968817
0.912833 0.911883
0.85847 0.858358
0.806958 0.806811
0.758406 0.758708
0.712583 0.7122
0.669019 0.668191
0.62725 0.627799
0.587164 0.58824
0.549231 0.548425
0.514453 0.513162
0.484213 0.482543
0.460272 0.459219
0.44496 0.444079
0.441379 0.441557
0.453247 0.455269
0.483786 0.48529
0.533554 0.534961
0.598636 0.599547
0.671463 0.671871
0.743944 0.743764
0.81009 0.810355
0.866626 0.867338
0.912326 0.912437
0.94716 0.947482
0.971708 0.971596
0.986896 0.987309
0.993903 0.994664
0.994132 0.99431
0.989204 0.989162
0.981001 0.98141
0.97175 0.971491
0.964132 0.963936
0.961249 0.961042
0.966268 0.96586
0.981592 0.982669
1.00775 1.00715
1.04236 1.04119
1.07982 1.0802
1.11285 1.11273
1.13571 1.13564
1.14653 1.1462
1.14698 1.14604
1.14041 1.14055
1.13042 1.12964
1.12009 1.11968
1.1117 1.11086
1.10663 1.10783
1.10532 1.10656
1.10723 1.10706
1.11088 1.1106
1.11387 1.11329
1.11299 1.11229
1.10448 1.10372
1.085 1.08337
1.05354 1.05267
1.01249 1.01133
0.96645 0.965583
0.919979 0.918741
0.87648 0.877177
0.838049 0.83842
0.805668 0.806194
0.77939 0.780163
0.758496 0.758514
0.741718 0.741894
0.727546 0.727583
0.714589 0.714968
0.701921 0.702453
0.689338 0.689153
0.677539 0.677492
0.668266 0.669277
0.664419 0.666369
0.669885 0.67128
0.688531 0.687881
0.722148 0.720693
0.768699 0.770561
0.822914 0.825658
0.878904 0.879797
0.932339 0.93324
0.980954 0.980982
1.02403 1.02392
1.06167 1.06226
1.0943 1.09516
1.12235 1.12347
1.14617 1.14713
1.16605 1.16719
1.1823 1.1833
1.1954 1.19716
1.20622 1.20817
1.21609 1.2185
1.22682 1.22959
1.24019 1.2417
1.25675 1.25913
1.27438 1.27436
1.2878 1.28735
1.2905 1.29019
1.27814 1.27676
1.25038 1.24934
1.20985 1.20966
1.16031 1.16134
1.1053 1.10657
1.0477 1.04807
0.989687 0.989896
0.932786 0.932938
0.878033 0.878993
0.826032 0.82639
0.776996 0.777079
0.730774 0.731712
0.68691 0.686294
0.644863 0.645214
0.604349 0.606077
0.565646 0.565687
0.529626 0.528245
0.497591 0.49505
0.471188 0.469639
0.452536 0.45081
0.44446 0.443532
0.450505 0.452325
0.474209 0.476075
0.517268 0.51898
0.577388 0.578533
0.648068 0.649104
0.721148 0.721596
0.789827 0.789815
0.849947 0.850908
0.89965 0.899569
0.938521 0.939189
0.966921 0.967317
0.985623 0.985562
0.995693 0.995909
0.998442 0.998772
0.995408 0.995316
0.988376 0.988316
0.979447 0.979958
0.97114 0.970779
0.966422 0.967933
0.968491 0.967873
0.980107 0.981475
1.00255 1.00238
1.03452 1.03339
1.07147 1.07249
1.10634 1.10619
1.13247 1.13348
1.14655 1.14678
1.14923 1.14809
1.14352 1.14363
1.13311 1.13276
1.12135 1.11986
1.11082 1.11003
1.10327 1.10443
1.09949 1.10057
1.09931 1.09904
1.10155 1.1016
1.10412 1.10403
1.10404 1.10301
1.09766 1.09689
1.0814 1.07967
1.05336 1.05243
1.01489 1.01412
0.9701 0.969486
0.923708 0.923068
0.879518 0.880011
0.840039 0.840772
0.806625 0.806943
0.779656 0.780639
0.758672 0.758741
0.742559 0.742486
0.729813 0.72984
0.718904 0.719242
0.708642 0.708964
0.698501 0.698412
0.688837 0.689278
0.68106 0.682472
0.677757 0.679624
0.682608 0.684062
0.69957 0.699298
0.730967 0.729806
0.775489 0.777498
0.828293 0.830786
0.883458 0.88448
0.936397 0.93731
0.984633 0.984879
1.02737 1.02711
1.06473 1.06496
1.09722 1.09795
1.12537 1.12672
1.1496 1.15087
1.17023 1.17181
1.18754 1.18896
1.20195 1.20404
1.21415 1.21684
1.22525 1.22836
1.23685 1.23977
1.25052 1.25196
1.26676 1.26768
1.28349 1.28349
1.2955 1.29498
1.29643 1.29581
1.2822 1.28059
1.25271 1.25125
1.21076 1.20917
1.16009 1.16067
1.10417 1.10509
1.04578 1.04641
0.986985 0.987225
0.929264 0.929531
0.873606 0.874272
0.820606 0.821165
0.770512 0.770906
0.723248 0.723559
0.678469 0.678187
0.635742 0.635889
0.594848 0.595258
0.556058 0.55499
0.520188 0.518526
0.488476 0.486137
0.462523 0.461074
0.444436 0.44273
0.437068 0.436247
0.444022 0.445314
0.468893 0.470296
0.513344 0.515263
0.574883 0.576316
0.646703 0.648345
0.720397 0.721183
0.789092 0.789519
0.848693 0.849579
0.89747 0.897607
0.93516 0.935852
0.962264 0.962521
0.979676 0.979943
0.988543 0.988722
0.990227 0.990054
0.986294 0.985996
0.97854 0.978733
0.969077 0.969413
0.960437 0.960549
0.955618 0.956897
0.957844 0.957084
0.969881 0.971775
0.992965 0.993785
1.0257 1.02593
1.06344 1.06485
1.09912 1.09975
1.12622 1.12744
1.14164 1.14158
1.14611 1.14501
1.14262 1.14227
1.13475 1.13404
1.12573 1.12391
1.11806 1.11679
1.11336 1.1135
1.11231 1.11327
1.11465 1.1143
1.11916 1.11863
1.12375 1.12331
1.1255 1.12415
1.12075 1.11976
1.10582 1.10384
1.07862 1.07713
1.04038 1.03915
0.995247 0.993459
0.948039 0.946544
0.90262 0.902003
0.861487 0.862134
0.825927 0.825515
0.796233 0.796994
0.771885 0.772232
0.751768 0.751705
0.734457 0.734378
0.718561 0.718722
0.703067 0.703685
0.687595 0.687743
0.672569 0.672154
0.659343 0.659219
0.650336 0.651359
0.649072 0.649961
0.659659 0.659295
0.685215 0.68275
0.725716 0.7244
0.777263 0.778738
0.833895 0.8361
0.890247 0.891009
0.9429 0.943093
0.990289 0.989881
1.03203 1.03197
1.0683 1.06855
1.09944 1.10067
1.12576 1.12712
1.14753 1.14849
1.16505 1.16621
1.17873 1.17976
1.18932 1.19029
1.19803 1.19815
1.20662 1.20709
1.21723 1.21791
1.23152 1.23324
1.24942 1.24967
1.26775 1.26702
1.28044 1.2801
1.2811 1.28169
1.26622 1.2661
1.23629 1.23592
1.19435 1.19456
1.14422 1.14451
1.08938 1.09032
1.03262 1.033
0.975988 0.975319
0.920925 0.920353
0.868355 0.869123
0.818745 0.819012
0.772128 0.77241
0.728125 0.729444
0.686071 0.68561
0.645331 0.64567
0.605716 0.607416
0.567731 0.568669
0.532489 0.531742
0.501488 0.499247
0.476555 0.475459
0.46001 0.458797
0.454868 0.454803
0.464705 0.466171
0.492659 0.493771
0.539457 0.539908
0.601709 0.602113
0.672483 0.672385
0.74408 0.743438
0.810546 0.810515
0.868404 0.86949
0.91614 0.915765
0.953424 0.953387
0.980569 0.980548
0.998286 0.998098
1.00761 1.00776
1.00985 1.0101
1.0066 1.00677
0.999712 0.999743
0.991391 0.991002
0.984273 0.982848
0.9814 0.98184
0.985887 0.985467
1.00016 0.999955
1.02487 1.02391
1.05792 1.05637
1.09391 1.09394
1.12549 1.12533
1.14656 1.14677
1.15485 1.15429
1.15187 1.15023
1.14106 1.14022
1.12624 1.12537
1.11068 1.11043
1.09687 1.09687
1.08638 1.08785
1.07987 1.07986
1.07696 1.076
1.07627 1.07608
1.07541 1.07426
1.07115 1.07038
1.05982 1.05837
1.03834 1.03774
1.00598 1.00582
0.965122 0.96529
0.920171 0.920879
0.875512 0.876154
0.834493 0.835336
0.799306 0.799312
0.771123 0.771554
0.7502 0.749974
0.735952 0.735437
0.727115 0.727136
0.722033 0.722433
0.71905 0.719185
0.716926 0.716418
0.715198 0.714498
0.714453 0.714512
0.71651 0.717208
0.724424 0.725272
0.741923 0.741519
0.771793 0.770405
0.813719 0.812729
0.863688 0.863867
0.916034 0.916774
0.966081 0.966227
1.01128 1.01136
1.05092 1.05129
1.08536 1.08624
1.1154 1.11693
1.14184 1.14323
1.16531 1.16628
1.18626 1.18705
1.20499 1.20575
1.22177 1.22248
1.23701 1.23726
1.25137 1.25137
1.26574 1.26593
1.28085 1.28072
1.29623 1.29554
1.30881 1.30805
1.31304 1.31354
1.30361 1.30369
1.27861 1.27878
1.23986 1.239
1.19097 1.19124
1.13562 1.13524
1.07679 1.07667
1.01668 1.01707
0.956861 0.957901
0.898404 0.898607
0.842036 0.842348
0.788207 0.788354
0.737129 0.737313
0.688813 0.689092
0.643126 0.642227
0.59992 0.600065
0.559245 0.559016
0.521534 0.521167
0.487653 0.487205
0.458864 0.458184
0.436901 0.435672
0.424181 0.423712
0.423978 0.423578
0.440149 0.440718
0.475771 0.475799
0.530735 0.531172
0.600071 0.599947
0.675338 0.676006
0.748186 0.748545
0.812877 0.813728
0.866598 0.867251
0.908604 0.908619
0.9393 0.939463
0.95964 0.959507
0.970834 0.970693
0.974257 0.974054
0.971428 0.971274
0.964041 0.963688
0.954037 0.953591
0.94372 0.943712
0.935867 0.936118
0.933674 0.933315
0.940312 0.940008
0.958006 0.958607
0.986877 0.986481
1.02399 1.02399
1.06336 1.063
1.09786 1.09748
1.12255 1.12264
1.13631 1.13616
1.14109 1.1412
1.14015 1.14012
1.13679 1.1371
1.1337 1.13402
1.13278 1.13244
1.13504 1.13523
1.14054 1.14098
1.14846 1.14842
1.15722 1.15743
1.16453 1.16473
1.16732 1.16764
1.1618 1.16206
1.14436 1.14444
1.11373 1.11345
1.07232 1.07282
1.02491 1.02439
0.976215 0.975562
0.92959 0.929567
0.88696 0.886997
0.849062 0.848894
0.815736 0.816368
0.786181 0.786528
0.75925 0.758998
0.733768 0.733708
0.708822 0.708668
0.683983 0.683835
0.659401 0.659012
0.635849 0.635721
0.61481 0.61511
0.598647 0.599323
0.590719 0.591633
0.59505 0.594967
0.61506 0.614409
0.651608 0.650835
0.701812 0.701604
0.760103 0.760247
0.820653 0.819763
0.879099 0.878771
0.93287 0.933109
0.98072 0.980897
1.02216 1.02235
1.05708 1.05731
1.08552 1.08558
1.10766 1.1078
1.12386 1.12401
1.13477 1.13461
1.14136 1.14161
1.14514 1.14497
1.1482 1.14739
1.15312 1.15307
1.1625 1.16174
1.17799 1.17781
1.19906 1.19892
1.22205 1.22221
1.24051 1.24041
1.24759 1.24803
1.23924 1.23904
1.21556 1.21528
1.17953 1.17994
1.13521 1.13546
1.08636 1.0858
1.03603 1.03628
0.986437 0.986185
0.939102 0.93916
0.894881 0.894907
0.853995 0.854291
0.815993 0.815795
0.779795 0.780342
0.743984 0.74376
0.707394 0.707713
0.669748 0.670095
0.631903 0.632298
0.595551 0.595174
0.562752 0.562267
0.535727 0.535628
0.516956 0.517097
0.509299 0.509489
0.515792 0.515397
0.538789 0.539007
0.57857 0.578119
0.632394 0.632468
0.695073 0.695277
0.760792 0.760263
0.82473 0.825192
0.88362 0.883238
0.935477 0.935253
0.979113 0.979071
1.01385 1.01367
1.03948 1.03964
1.05639 1.05622
1.06549 1.06499
1.06822 1.0679
1.0664 1.0661
1.06225 1.06245
1.05836 1.0579
1.0576 1.05743
1.06279 1.06283
1.07601 1.07551
1.0978 1.09731
1.12619 1.12675
1.15613 1.15597
1.18036 1.18034
1.19227 1.19239
1.18899 1.1886
1.17192 1.17283
1.14495 1.14461
1.11248 1.11221
1.07831 1.07817
1.0453 1.04536
1.01534 1.01531
0.989392 0.988874
0.967479 0.967207
0.94859 0.948192
0.93074 0.93118
0.911244 0.911488
0.887384 0.886847
0.85742 0.858066
0.821535 0.82194
0.781921 0.78147
0.741861 0.74176
0.704702 0.704517
0.673389 0.673313
0.650441 0.650059
0.637914 0.63713
0.637145 0.637041
0.648343 0.64821
0.670382 0.670555
0.701052 0.701089
0.737716 0.737176
0.778024 0.77694
0.820381 0.820127
0.864057 0.864094
0.908877 0.90941
0.954513 0.954518
0.999658 0.998838
1.0419 1.04161
1.07867 1.07936
1.10835 1.10903
1.13078 1.13095
1.14698 1.14681
1.15877 1.1588
1.16834 1.16828
1.17789 1.17801
1.18926 1.18958
1.20359 1.20335
1.22101 1.22099
1.24048 1.24075
1.25978 1.25914
1.27558 1.27521
1.28375 1.28412
1.28008 1.28061
1.2617 1.262
1.22855 1.22875
1.18355 1.18418
1.13109 1.13177
1.0753 1.07635
1.01923 1.01901
0.964772 0.965425
0.912838 0.913335
0.863588 0.863944
0.816667 0.817109
0.771477 0.772091
0.72746 0.727944
0.684341 0.683693
0.642237 0.641952
0.601643 0.601817
0.563349 0.562982
0.5284 0.528277
0.498155 0.497903
0.474467 0.474617
0.459894 0.460056
0.457763 0.457799
0.471682 0.471829
0.504121 0.503871
0.554494 0.554734
0.618362 0.617914
0.688868 0.689505
0.759206 0.759147
0.824225 0.824227
0.880735 0.88114
0.927147 0.926824
0.963001 0.963052
0.988608 0.988522
1.00479 1.00507
1.0127 1.01289
1.01376 1.01393
1.00962 1.00957
1.00222 1.00229
0.99391 0.994369
0.98748 0.987174
0.986053 0.986671
0.992605 0.992569
1.00914 1.00907
1.03572 1.03681
1.0696 1.07031
1.10491 1.10528
1.1342 1.1342
1.15187 1.15194
1.15647 1.15653
1.15019 1.15051
1.13681 1.13668
1.12018 1.12083
1.10348 1.10344
1.08904 1.08941
1.07826 1.07821
1.07159 1.07147
1.06842 1.06776
1.0671 1.06741
1.06501 1.06526
1.05876 1.05914
1.04476 1.04491
1.02043 1.02096
0.985762 0.986324
0.943742 0.943505
0.898869 0.898884
0.855344 0.855897
0.816275 0.816279
0.783652 0.783801
0.758477 0.758453
0.740836 0.740542
0.729969 0.729824
0.724452 0.724403
0.722518 0.72225
0.72249 0.722185
0.723207 0.723402
0.724386 0.724276
0.726884 0.727609
0.732828 0.734327
0.745469 0.746695
0.768308 0.768474
0.803175 0.802165
0.848369 0.847034
0.899043 0.899463
0.94978 0.950736
0.996802 0.996923
1.03846 1.03837
1.07466 1.07448
1.1061 1.10611
1.1337 1.13377
1.15828 1.15787
1.18043 1.18015
1.20051 1.20035
1.21879 1.21836
1.23552 1.2349
1.2511 1.25035
1.26613 1.26595
1.28123 1.2815
1.29643 1.29665
1.30986 1.3106
1.31696 1.31763
1.3121 1.31156
1.29193 1.2916
1.25706 1.25664
1.21077 1.21098
1.15686 1.1568
1.0986 1.09846
1.03843 1.03873
0.97805 0.978652
0.91866 0.918707
0.861068 0.861233
0.805805 0.806022
0.753183 0.753615
0.703323 0.703445
0.6562 0.655954
0.61172 0.611989
0.56987 0.570372
0.53092 0.5316
0.495536 0.495941
0.464794 0.464703
0.440213 0.440135
0.423928 0.423496
0.418909 0.418977
0.428909 0.42911
0.457554 0.45723
0.506191 0.505797
0.5716 0.571164
0.646149 0.645542
0.720955 0.720953
0.789137 0.789619
0.846883 0.846517
0.892849 0.892584
0.927161 0.927186
0.950676 0.950683
0.964579 0.965158
0.970222 0.970234
0.969087 0.968809
0.962807 0.96319
0.953222 0.952917
0.942491 0.941825
0.933217 0.93308
0.928476 0.928549
0.931544 0.932411
0.94513 0.94609
0.970256 0.970503
1.00517 1.00595
1.0449 1.04479
1.08239 1.08293
1.11161 1.1117
1.13006 1.13089
1.13877 1.13892
1.14065 1.14033
1.13905 1.13932
1.13686 1.13751
1.13625 1.13686
1.13851 1.13848
1.14398 1.14432
1.15214 1.15229
1.16169 1.16204
1.17063 1.17113
1.17625 1.176
1.17505 1.17445
1.16312 1.16303
1.1379 1.13806
1.10032 1.10043
1.05454 1.05448
1.00556 1.00561
0.957316 0.957669
0.912268 0.912443
0.87155 0.87128
0.835298 0.835787
0.802925 0.803644
0.773412 0.773611
0.745621 0.745155
0.718595 0.717918
0.691788 0.691193
0.665179 0.66485
0.63931 0.638846
0.615327 0.61439
0.595123 0.594347
0.581533 0.581195
0.578287 0.577825
0.589293 0.589185
0.616981 0.617032
0.660514 0.661618
0.715565 0.71591
0.776187 0.776125
0.837062 0.836981
0.894566 0.893696
0.946666 0.946396
0.992384 0.991882
1.03132 1.03063
1.06338 1.06223
1.08864 1.08811
1.10741 1.10662
1.12023 1.11984
1.12795 1.12796
1.13189 1.13149
1.13388 1.13373
1.13636 1.13574
1.14207 1.1422
1.15344 1.15299
1.17146 1.17106
1.19459 1.19375
1.21809 1.21724
1.23495 1.23408
1.23883 1.23889
1.22693 1.22667
1.20044 1.20018
1.16293 1.16225
1.11849 1.11851
1.07076 1.07107
1.02252 1.02279
0.975767 0.976325
0.931794 0.932388
0.891203 0.891286
0.853898 0.854806
0.819046 0.819297
0.785207 0.785074
0.750784 0.750553
0.714732 0.71551
0.677163 0.677128
0.639385 0.638973
0.603428 0.603127
0.571561 0.571657
0.546157 0.546567
0.529814 0.529756
0.525394 0.525025
0.535638 0.536495
0.562178 0.563059
0.604343 0.604131
0.658762 0.659548
0.720353 0.720783
0.783986 0.783653
0.845632 0.845773
0.902568 0.90192
0.953021 0.953245
0.995757 0.995763
1.02994 1.02954
1.05524 1.05474
1.07197 1.07267
1.0811 1.08109
1.08411 1.08413
1.08294 1.0826
1.07992 1.08007
1.07771 1.07705
1.07916 1.07855
1.0868 1.0866
1.10228 1.10224
1.12542 1.12529
1.15346 1.15358
1.1807 1.18074
1.19984 1.201
1.20506 1.20437
1.19461 1.19523
1.17077 1.1709
1.13783 1.13829
1.10022 1.10043
1.06159 1.06111
1.02457 1.02457
0.990822 0.991259
0.961096 0.961382
0.935195 0.936057
0.911963 0.911724
0.889394 0.889712
0.865022 0.864646
0.836661 0.836081
0.803328 0.803283
0.76583 0.766601
0.726507 0.72748
0.688375 0.688558
0.654432 0.654991
0.627445 0.628487
0.609978 0.610744
0.604253 0.604248
0.611696 0.611673
0.632347 0.632498
0.664608 0.664184
0.705655 0.706645
0.752315 0.752641
0.801864 0.802503
0.852394 0.851767
0.90269 0.902844
0.951768 0.951936
0.998298 0.998501
1.04039 1.03998
1.07608 1.07558
1.1041 1.10399
1.12434 1.12464
1.13776 1.13793
1.1461 1.1466
1.15161 1.15215
1.15675 1.15645
1.16389 1.16368
1.17483 1.17484
1.19044 1.19059
1.21017 1.21021
1.23176 1.23151
1.25119 1.25107
1.2632 1.26256
1.26269 1.26328
1.24664 1.24669
1.21544 1.21569
1.17242 1.17191
1.12216 1.12049
1.06885 1.06919
1.0156 1.01516
0.964408 0.963466
0.916271 0.916505
0.87137 0.870938
0.829217 0.828807
0.788881 0.788855
0.749314 0.749664
0.709744 0.709569
0.669983 0.670116
0.630523 0.631243
0.59242 0.592641
0.557108 0.558268
0.526319 0.527379
0.502183 0.502425
0.487403 0.487193
0.48527 0.484621
0.499095 0.499751
0.530823 0.529876
0.579413 0.579907
0.640475 0.640728
0.707797 0.708138
0.775454 0.77631
0.838992 0.839573
0.895524 0.895765
0.943361 0.944236
0.981665 0.981588
1.01026 1.01146
1.02956 1.03081
1.04043 1.04085
1.04416 1.04454
1.04238 1.04284
1.03708 1.03706
1.03066 1.03109
1.02592 1.02717
1.02595 1.02565
1.03351 1.03446
1.05034 1.05145
1.07619 1.07634
1.108 1.1083
1.1397 1.13978
1.16378 1.16378
1.17473 1.17478
1.17135 1.17038
1.15616 1.15602
1.13331 1.1331
1.1069 1.10678
1.08029 1.08001
1.05591 1.05582
1.03528 1.03526
1.01894 1.01967
1.00638 1.00709
0.996011 0.995774
0.98522 0.985486
0.970789 0.970091
0.94968 0.949083
0.920254 0.920168
0.883316 0.88338
0.84192 0.840831
0.800025 0.799657
0.761268 0.760627
0.728532 0.728159
0.703953 0.703587
0.688912 0.688539
0.683886 0.684408
0.68832 0.689074
0.700706 0.701577
0.718963 0.719651
0.740999 0.740481
0.765254 0.763386
0.79111 0.790149
0.819079 0.81959
0.850612 0.852009
0.887271 0.888278
0.929257 0.929059
0.974349 0.973352
1.01866 1.01876
1.05864 1.05904
1.09245 1.09183
1.12 1.11985
1.14236 1.14131
1.1612 1.16081
1.17823 1.17802
1.19486 1.19474
1.21196 1.21214
1.22981 1.23033
1.24814 1.24848
1.26627 1.26678
1.28321 1.28376
1.29745 1.29862
1.30666 1.30702
1.30723 1.30584
1.2951 1.29523
1.26807 1.26794
1.22744 1.2282
1.17703 1.17683
1.12106 1.12004
1.06285 1.0624
1.00454 1.00453
0.94732 0.947124
0.891734 0.891332
0.837951 0.837916
0.786011 0.7849
0.735965 0.736728
0.687938 0.688735
0.642123 0.642166
0.598779 0.599039
0.55825 0.558169
0.521041 0.520863
0.487957 0.488144
0.460257 0.460796
0.439833 0.441138
0.429375 0.430926
0.432368 0.431638
0.452468 0.452144
0.491878 0.49143
0.54927 0.549993
0.61908 0.6196
0.693331 0.693881
0.764549 0.764976
0.827581 0.82754
0.879783 0.879966
0.920391 0.92143
0.949778 0.949972
0.968921 0.968829
0.97909 0.979169
0.981707 0.982027
0.978326 0.978457
0.970686 0.971151
0.960811 0.960944
0.951129 0.95131
0.944536 0.94519
0.944227 0.943629
0.953143 0.952377
0.973055 0.971772
1.00352 1.00343
1.04101 1.04204
1.07911 1.07924
1.11076 1.11201
1.13158 1.13158
1.14126 1.14119
1.14228 1.14339
1.13812 1.13766
1.1321 1.1303
1.12686 1.12614
1.12419 1.12274
1.12496 1.12366
1.12909 1.1276
1.13558 1.13493
1.14263 1.1425
1.14766 1.14759
1.14737 1.14846
1.13793 1.13829
1.11627 1.1159
1.08214 1.08228
1.0388 1.0385
0.991188 0.990921
0.943704 0.94336
0.899343 0.89982
0.859731 0.8592
0.825394 0.824773
0.795998 0.796087
0.77059 0.770423
0.747883 0.748192
0.726589 0.72719
0.705733 0.706428
0.684889 0.685411
0.664305 0.663704
0.644972 0.645083
0.628735 0.629985
0.618458 0.620029
0.617968 0.618634
0.631265 0.630238
0.660692 0.65856
0.705056 0.704208
0.759637 0.761415
0.818399 0.819452
0.876326 0.876822
0.930309 0.931036
0.97887 0.979333
1.02152 1.02138
1.05822 1.05862
1.08911 1.0898
1.11436 1.11499
1.1342 1.13482
1.14903 1.14965
1.15949 1.16011
1.16666 1.16666
1.17218 1.17249
1.17824 1.17745
1.18734 1.18654
1.20135 1.20078
1.22034 1.22116
1.24129 1.24256
1.25819 1.25888
1.26422 1.26499
1.25504 1.25581
1.23033 1.23073
1.19283 1.19377
1.14641 1.14545
1.09482 1.09359
1.0411 1.04145
0.987543 0.987076
0.93573 0.934504
0.88665 0.886565
0.840739 0.840451
0.797879 0.796772
0.757417 0.75732
0.718333 0.717777
0.679668 0.678888
0.641061 0.641302
0.60306 0.603238
0.566976 0.566121
0.534536 0.533429
0.507718 0.507303
0.488864 0.490127
0.480857 0.481236
0.48702 0.487047
0.510293 0.51055
0.551597 0.549852
0.608349 0.606928
0.67475 0.673131
0.743946 0.74265
0.810236 0.810117
0.869928 0.870537
0.921053 0.921584
0.962743 0.962326
0.994774 0.99542
1.01739 1.01645
1.03129 1.03045
1.03758 1.03731
1.03773 1.03859
1.03355 1.03428
1.0272 1.02832
1.02126 1.02067
1.01864 1.01823
1.02237 1.02225
1.03486 1.03677
1.057 1.05803
1.0871 1.08919
1.1203 1.12392
1.14932 1.1508
1.16742 1.16944
1.17152 1.17251
1.1627 1.1635
1.14453 1.1451
1.12112 1.1226
1.09612 1.09654
1.07234 1.0734
1.05168 1.05283
1.03508 1.03635
1.02251 1.02362
1.01288 1.0134
1.00401 1.0042
0.992901 0.992225
0.976199 0.975491
0.951322 0.951548
0.917795 0.919544
0.8778 0.87873
0.83518 0.836265
0.793893 0.793919
0.757184 0.757098
0.727463 0.727722
0.70637 0.706715
0.694714 0.695309
0.692357 0.693112
0.698211 0.699067
0.710479 0.711139
0.727126 0.726651
0.746402 0.745249
0.767314 0.765802
0.789953 0.789536
0.815574 0.816459
0.846195 0.84717
0.883396 0.883103
0.926652 0.9255
0.97277 0.971918
1.01743 1.0176
1.05731 1.05773
1.09102 1.0908
1.11879 1.1196
1.14184 1.14221
1.16175 1.16279
1.18005 1.18087
1.19784 1.1982
1.21577 1.21588
1.23397 1.23464
1.2522 1.25256
1.26998 1.26909
1.28658 1.28611
1.30077 1.30057
1.31026 1.30975
1.31125 1.30881
1.2994 1.29854
1.27247 1.27219
1.2319 1.23211
1.18156 1.18154
1.1256 1.12493
1.06721 1.06637
1.00849 1.00744
0.950615 0.950067
0.894192 0.89354
0.839503 0.838998
0.786708 0.7852
0.735946 0.735882
0.687376 0.687172
0.641174 0.640437
0.597548 0.596994
0.556778 0.556191
0.519327 0.518509
0.48597 0.485452
0.457943 0.457669
0.437084 0.437637
0.426005 0.42701
0.428123 0.427051
0.447129 0.447045
0.485461 0.485545
0.542151 0.542993
0.611858 0.612162
0.686507 0.687048
0.758346 0.758407
0.821986 0.821876
0.87468 0.874879
0.915652 0.916474
0.9453 0.945313
0.964624 0.96431
0.974905 0.974754
0.977571 0.977561
0.974178 0.974088
0.966454 0.966633
0.956404 0.956263
0.946422 0.946432
0.939368 0.939337
0.938433 0.937562
0.946623 0.945574
0.96585 0.965125
0.995867 0.995277
1.03338 1.03397
1.07212 1.072
1.10501 1.10547
1.12746 1.12791
1.1389 1.13898
1.14162 1.14296
1.13904 1.13884
1.13445 1.1337
1.1305 1.13032
1.12899 1.12857
1.13079 1.13004
1.13588 1.135
1.14329 1.14286
1.1513 1.15137
1.15747 1.15741
1.15859 1.159
1.15083 1.15111
1.1309 1.13071
1.0981 1.0977
1.05541 1.05558
1.00772 1.00752
0.959586 0.959104
0.914124 0.913856
0.87306 0.872199
0.836981 0.835751
0.805606 0.805512
0.778034 0.777656
0.753046 0.752786
0.729419 0.729709
0.706237 0.706576
0.683105 0.683373
0.660247 0.659962
0.638566 0.638678
0.619737 0.620686
0.606384 0.607782
0.602127 0.603114
0.611027 0.610654
0.636013 0.634917
0.676897 0.676256
0.729766 0.730461
0.788695 0.789936
0.84821 0.849006
0.904587 0.904931
0.955827 0.956596
1.00109 1.00176
1.04011 1.04105
1.07292 1.07343
1.09962 1.10017
1.12042 1.1208
1.1357 1.13618
1.14613 1.14657
1.15275 1.15311
1.15714 1.15774
1.16149 1.16171
1.16838 1.16806
1.18014 1.18037
1.19771 1.19933
1.2194 1.22077
1.24028 1.24127
1.2534 1.25314
1.25285 1.25296
1.23643 1.23568
1.20569 1.20602
1.16428 1.16382
1.11615 1.11522
1.06477 1.06481
1.0128 1.01149
0.962143 0.960929
0.914031 0.913539
0.869102 0.868608
0.827384 0.826906
0.788287 0.787708
0.75071 0.7502
0.713415 0.712302
0.675626 0.674803
0.637518 0.637608
0.600243 0.599344
0.565548 0.564204
0.535441 0.534463
0.512164 0.511985
0.498353 0.498654
0.497096 0.496667
0.511464 0.511813
0.543288 0.542697
0.591609 0.591057
0.65219 0.651299
0.718861 0.718192
0.785678 0.786169
0.848265 0.848406
0.903946 0.904258
0.951261 0.951854
0.989476 0.989097
1.01836 1.01922
1.03818 1.03873
1.04971 1.04982
1.05419 1.05436
1.05324 1.05397
1.04888 1.0496
1.04348 1.04382
1.03982 1.04076
1.04085 1.0404
1.04926 1.05018
1.06667 1.06799
1.09264 1.09345
1.1238 1.12629
1.15378 1.15552
1.17514 1.17598
1.18276 1.18361
1.17587 1.17662
1.15724 1.15793
1.13107 1.13179
1.10146 1.10279
1.07172 1.07272
1.04422 1.04487
1.02042 1.0202
1.00079 1.0014
0.984846 0.985053
0.970995 0.97035
0.956715 0.95735
0.938949 0.938972
0.914956 0.915482
0.88351 0.885159
0.845729 0.846899
0.804678 0.80525
0.764078 0.764084
0.727312 0.727644
0.697141 0.697368
0.675728 0.675763
0.66457 0.664532
0.664266 0.665199
0.674296 0.675018
0.693087 0.694386
0.718426 0.718563
0.748079 0.746863
0.780361 0.779073
0.814493 0.813637
0.850675 0.851056
0.88971 0.890803
0.932046 0.932669
0.976598 0.976199
1.02051 1.01989
1.06045 1.06098
1.09416 1.09422
1.12104 1.12044
1.14189 1.14192
1.15833 1.15873
1.17233 1.17236
1.18578 1.18613
1.20014 1.20026
1.21621 1.21561
1.23398 1.23301
1.25269 1.253
1.27087 1.27052
1.2864 1.28581
1.29642 1.29602
1.29728 1.29652
1.28527 1.2844
1.25841 1.25692
1.21801 1.21731
1.16787 1.16748
1.11231 1.11244
1.05482 1.05409
0.997699 0.998223
0.942186 0.942708
0.888756 0.888757
0.837395 0.837115
0.787874 0.786498
0.739971 0.740492
0.693625 0.69337
0.648979 0.648308
0.606365 0.605695
0.56627 0.565776
0.529357 0.528813
0.49656 0.496105
0.469252 0.469491
0.449446 0.450358
0.439974 0.440703
0.444398 0.443831
0.466231 0.465752
0.507177 0.506234
0.565257 0.565821
0.634629 0.635147
0.707663 0.707517
0.777526 0.777673
0.839535 0.839241
0.891204 0.891532
0.931702 0.932745
0.96126 0.961831
0.980726 0.980525
0.991289 0.991568
0.994334 0.995105
0.991412 0.99167
0.984287 0.984547
0.97503 0.975555
0.966139 0.966776
0.960565 0.962246
0.961487 0.960243
0.971698 0.972683
0.992679 0.99256
1.02359 1.02425
1.06052 1.06141
1.09672 1.09597
1.12519 1.12683
1.14193 1.14187
1.14707 1.14715
1.14346 1.14457
1.13479 1.13425
1.12446 1.12243
1.11517 1.11447
1.10871 1.10724
1.10597 1.10527
1.10685 1.10619
1.11027 1.11034
1.11423 1.11487
1.11593 1.11604
1.11182 1.11264
1.09823 1.09844
1.07274 1.0725
1.03603 1.03582
0.991857 0.991049
0.945063 0.94446
0.899739 0.899991
0.85862 0.858889
0.823199 0.822072
0.793938 0.793844
0.77044 0.77039
0.751644 0.751429
0.736096 0.736145
0.722301 0.722444
0.709083 0.70965
0.69589 0.696779
0.682993 0.683339
0.671617 0.672193
0.664072 0.665366
0.66379 0.665293
0.674849 0.67535
0.70042 0.699091
0.740585 0.73982
0.791518 0.793296
0.847297 0.849012
0.902608 0.902828
0.954119 0.954068
1.00038 0.999521
1.0411 1.04027
1.07658 1.07551
1.10723 1.10708
1.13341 1.13342
1.15543 1.15525
1.17356 1.17388
1.18817 1.18844
1.19993 1.20101
1.20991 1.21153
1.21975 1.22189
1.23136 1.23299
1.24617 1.24727
1.26372 1.26353
1.2804 1.27925
1.28998 1.2899
1.2865 1.28691
1.26732 1.26768
1.23362 1.23364
1.18871 1.18895
1.13638 1.13622
1.07993 1.0812
1.02192 1.02253
0.964259 0.963303
0.908253 0.907215
0.854744 0.854431
0.804157 0.803788
0.756532 0.756898
0.711551 0.711305
0.668668 0.667866
0.627392 0.62812
0.587661 0.589698
0.550031 0.549851
0.515593 0.514556
0.485805 0.484269
0.462503 0.461511
0.448096 0.447398
0.445762 0.446523
0.459203 0.461636
0.49143 0.492908
0.54257 0.54359
0.608302 0.608916
0.680975 0.681066
0.752751 0.752144
0.817977 0.818224
0.873619 0.87443
0.918561 0.918952
0.952788 0.953114
0.976859 0.976615
0.991677 0.992004
0.998409 0.99935
0.998465 0.998831
0.993484 0.993785
0.985378 0.986038
0.976421 0.975986
0.969337 0.968647
0.967249 0.967187
0.97327 0.973087
0.989645 0.990266
1.01663 1.01557
1.05152 1.05087
1.0884 1.0894
1.11997 1.12069
1.14077 1.14072
1.14937 1.14888
1.14769 1.14689
1.13923 1.139
1.1276 1.12691
1.11587 1.11618
1.10626 1.10611
1.1001 1.1018
1.09777 1.09914
1.09865 1.09865
1.10116 1.10142
1.1028 1.10216
1.10023 1.09993
1.08971 1.0888
1.06815 1.06693
1.03504 1.03449
0.993169 0.992293
0.947168 0.946858
0.901458 0.901022
0.859258 0.860201
0.822543 0.822354
0.792221 0.792776
0.768289 0.768561
0.749973 0.749467
0.735941 0.735908
0.724623 0.724684
0.714583 0.714766
0.704877 0.704911
0.695337 0.695362
0.68677 0.687846
0.681107 0.682525
0.681476 0.683132
0.691845 0.69234
0.715682 0.714636
0.753753 0.752815
0.802885 0.80402
0.857365 0.860437
0.91171 0.913314
0.962361 0.962457
1.00775 1.00696
1.04764 1.04728
1.0824 1.08209
1.11261 1.11362
1.13875 1.13985
1.16121 1.16219
1.18027 1.18153
1.19625 1.19754
1.20968 1.21213
1.2214 1.22414
1.23274 1.23574
1.24535 1.24761
1.2604 1.26099
1.27724 1.27651
1.29214 1.29093
1.29893 1.29852
1.29205 1.29128
1.26949 1.26904
1.23292 1.23052
1.18582 1.18495
1.1319 1.13088
1.07428 1.07464
1.01533 1.01527
0.956801 0.956828
0.899887 0.899689
0.845368 0.845479
0.793661 0.793629
0.744854 0.745417
0.698738 0.698188
0.654913 0.654238
0.613028 0.613131
0.573097 0.57212
0.535671 0.534357
0.501788 0.499469
0.472854 0.470994
0.450695 0.448891
0.437776 0.436743
0.437373 0.437196
0.453262 0.455259
0.488359 0.489353
0.542393 0.543506
0.610436 0.61142
0.684372 0.684765
0.756252 0.756248
0.820599 0.821325
0.874649 0.875592
0.917556 0.918477
0.949536 0.950193
0.97134 0.971
0.98402 0.984456
0.988845 0.989289
0.987286 0.987365
0.981023 0.981092
0.972001 0.972896
0.962537 0.963055
0.955411 0.95688
0.953796 0.953416
0.960801 0.961804
0.978555 0.979388
1.00706 1.0078
1.04327 1.04447
1.08102 1.08266
1.11313 1.11484
1.1346 1.13526
1.14443 1.14443
1.14476 1.14488
1.13901 1.13922
1.13066 1.12973
1.12256 1.12215
1.11675 1.11605
1.11437 1.11557
1.1156 1.11646
1.11966 1.11956
1.12489 1.12483
1.12876 1.12809
1.12798 1.12785
1.11871 1.11775
1.0978 1.09586
1.06469 1.06357
1.02232 1.02046
0.975463 0.973575
0.928595 0.926768
0.884881 0.88501
0.846165 0.846104
0.813189 0.813466
0.785798 0.786407
0.763135 0.763331
0.743894 0.744039
0.726646 0.726505
0.710183 0.710611
0.693819 0.6945
0.677586 0.677276
0.662365 0.661872
0.650012 0.650379
0.643484 0.644424
0.646703 0.647024
0.663588 0.661996
0.696063 0.693066
0.742283 0.743053
0.797078 0.799144
0.854464 0.855336
0.90986 0.91019
0.960704 0.960511
1.006 1.00567
1.04564 1.04613
1.07985 1.08035
1.10896 1.11007
1.13324 1.13458
1.15294 1.15405
1.16841 1.16938
1.18021 1.1815
1.18932 1.18951
1.19725 1.19669
1.20603 1.20602
1.2178 1.2185
1.23375 1.23499
1.25268 1.25177
1.27012 1.2687
1.27941 1.27795
1.2749 1.27434
1.2546 1.25429
1.22016 1.2198
1.17509 1.1753
1.12321 1.12335
1.06776 1.06872
1.01126 1.01115
0.955556 0.954312
0.901878 0.901513
0.850968 0.85087
0.80311 0.802691
0.758134 0.758519
0.715477 0.715344
0.674383 0.673559
0.63431 0.634619
0.595325 0.59696
0.558221 0.558272
0.524321 0.523468
0.495274 0.493416
0.47309 0.472353
0.460344 0.459555
0.4603 0.461447
0.476501 0.47821
0.511384 0.511657
0.564216 0.564658
0.630109 0.62993
0.701603 0.700781
0.771565 0.77075
0.835031 0.835647
0.889345 0.890332
0.933476 0.933921
0.967319 0.967882
0.991291 0.990753
1.00618 1.00587
1.01311 1.01353
1.01347 1.01419
1.00895 1.00985
1.00153 1.00245
0.993571 0.992142
0.98787 0.987302
0.987548 0.988947
0.995546 0.995464
1.01373 1.01379
1.04182 1.04172
1.07643 1.07747
1.11117 1.11226
1.13869 1.13941
1.15414 1.15483
1.15682 1.15596
1.14925 1.14927
1.13521 1.13477
1.1184 1.11935
1.10185 1.1022
1.08776 1.09004
1.07737 1.07849
1.07099 1.07121
1.06787 1.06735
1.06627 1.06585
1.06343 1.06291
1.05589 1.05519
1.04009 1.03924
1.01377 1.01402
0.977475 0.978626
0.934609 0.935359
0.889694 0.89055
0.846721 0.847908
0.808566 0.809194
0.777039 0.777672
0.753004 0.753241
0.73643 0.736148
0.726472 0.726433
0.721664 0.72191
0.720255 0.720692
0.72064 0.720318
0.721772 0.721087
0.723516 0.723347
0.726905 0.727561
0.734257 0.735418
0.748946 0.749688
0.774311 0.773771
0.8116 0.810005
0.858388 0.856657
0.909506 0.910589
0.959739 0.960152
1.00573 1.00516
1.04618 1.04554
1.08121 1.08145
1.11162 1.11247
1.13835 1.13921
1.16219 1.16264
1.18373 1.18408
1.20331 1.20354
1.22118 1.22122
1.23764 1.23697
1.25309 1.25212
1.26816 1.26762
1.28341 1.2834
1.29857 1.29829
1.31124 1.31104
1.31642 1.3166
1.30865 1.30794
1.28538 1.28563
1.24795 1.2469
1.1999 1.20004
1.14501 1.14531
1.08635 1.08603
1.02621 1.02624
0.96614 0.967237
0.907242 0.907577
0.850249 0.85053
0.795635 0.795616
0.743667 0.743898
0.694434 0.694643
0.647892 0.646968
0.603951 0.603924
0.562649 0.562585
0.524337 0.524066
0.489772 0.489436
0.460121 0.459376
0.437016 0.436192
0.422748 0.422244
0.420459 0.420053
0.433967 0.434248
0.466614 0.466435
0.518951 0.51904
0.586767 0.586138
0.661925 0.66238
0.735786 0.736194
0.802081 0.803103
0.857556 0.857719
0.901218 0.901038
0.93337 0.933264
0.954944 0.954717
0.967161 0.967203
0.971397 0.971167
0.969161 0.968774
0.962124 0.961974
0.952182 0.951832
0.941577 0.941607
0.933011 0.93264
0.929632 0.929199
0.934667 0.934501
0.950571 0.951584
0.97788 0.9773
1.0142 1.01403
1.05396 1.05345
1.09005 1.08969
1.117 1.11711
1.13308 1.13321
1.13988 1.14005
1.1405 1.14028
1.13825 1.13897
1.13593 1.13668
1.13554 1.13653
1.13816 1.13886
1.14399 1.14474
1.15234 1.15305
1.16174 1.16259
1.17006 1.171
1.17441 1.1745
1.17113 1.17126
1.15641 1.15672
1.12832 1.12861
1.08859 1.08881
1.04178 1.04156
0.992755 0.992528
0.945166 0.945672
0.90116 0.901359
0.861646 0.861301
0.826588 0.827077
0.795282 0.795949
0.766647 0.766601
0.739543 0.73923
0.71306 0.712564
0.686739 0.686359
0.660662 0.660382
0.635492 0.635241
0.61253 0.612077
0.593879 0.593658
0.582615 0.582719
0.582625 0.582398
0.597652 0.597569
0.629467 0.629563
0.676296 0.676862
0.733173 0.732951
0.794121 0.793875
0.854213 0.85465
0.910285 0.910356
0.960655 0.960791
1.00456 1.00435
1.04171 1.04119
1.07208 1.07126
1.0958 1.09551
1.11321 1.11253
1.1249 1.12458
1.13182 1.1321
1.13536 1.13504
1.13751 1.13722
1.14078 1.14081
1.14792 1.14751
1.16107 1.16074
1.18065 1.18011
1.20425 1.20416
1.22633 1.22626
1.23974 1.23975
1.23894 1.23886
1.22231 1.22239
1.19194 1.19194
1.15168 1.15139
1.10554 1.1063
1.05693 1.05828
1.0084 1.00866
0.961738 0.962949
0.918053 0.918747
0.877773 0.878227
0.840625 0.841682
0.805628 0.806433
0.771289 0.771412
0.736132 0.736546
0.699409 0.699984
0.661578 0.661717
0.624168 0.624023
0.589269 0.588988
0.559141 0.559383
0.536189 0.53673
0.523101 0.523427
0.522804 0.523061
0.537907 0.539177
0.569551 0.57021
0.616277 0.615715
0.673988 0.674619
0.737291 0.737218
0.801174 0.801354
0.861926 0.86182
0.917121 0.916501
0.965198 0.965377
1.0051 1.00456
1.03619 1.0356
1.05838 1.0588
1.07225 1.07239
1.07893 1.0791
1.08007 1.08024
1.07772 1.07785
1.07432 1.07452
1.07262 1.07316
1.07545 1.07554
1.0852 1.08548
1.10311 1.10338
1.12835 1.12874
1.15725 1.15778
1.18338 1.18296
1.19948 1.19989
1.20074 1.19964
1.18678 1.18811
1.1607 1.16088
1.12696 1.12684
1.08978 1.08996
1.0525 1.05253
1.01745 1.01815
0.986024 0.985947
0.958687 0.958926
0.934941 0.935323
0.91332 0.912631
0.891565 0.891843
0.867113 0.866574
0.837947 0.837659
0.803525 0.803568
0.765189 0.765848
0.725655 0.726467
0.688071 0.688128
0.655422 0.655777
0.630412 0.631206
0.615481 0.615595
0.612586 0.612528
0.62272 0.622378
0.645416 0.645539
0.678707 0.678222
0.719702 0.72051
0.765444 0.76547
0.813579 0.813753
0.862578 0.862422
0.911528 0.911981
0.959575 0.960263
1.00533 1.00578
1.04674 1.04676
1.08175 1.08168
1.10915 1.10934
1.12896 1.1295
1.14226 1.14231
1.1509 1.15104
1.15717 1.15759
1.16349 1.16333
1.17206 1.17233
1.18442 1.18373
1.2011 1.20229
1.22117 1.22193
1.24214 1.24187
1.25989 1.26076
1.26937 1.26975
1.26586 1.26689
1.24682 1.24684
1.21303 1.21343
1.16804 1.16811
1.1164 1.11546
1.06215 1.06284
1.00825 1.00707
0.9565 0.956019
0.907763 0.908129
0.862107 0.862137
0.818999 0.81876
0.777553 0.777952
0.736862 0.737754
0.696354 0.696774
0.656015 0.656895
0.616427 0.617142
0.578637 0.579209
0.544016 0.545675
0.514246 0.515044
0.491463 0.492092
0.478441 0.478501
0.478561 0.478676
0.495143 0.496228
0.529922 0.529299
0.581409 0.581749
0.644731 0.644688
0.713384 0.713776
0.781387 0.78203
0.844372 0.844853
0.899602 0.899491
0.945573 0.945681
0.981667 0.982242
1.00794 1.00808
1.02499 1.02515
1.03383 1.03358
1.03584 1.03584
1.03271 1.03271
1.02647 1.02601
1.01957 1.02037
1.01488 1.01543
1.0155 1.01548
1.02417 1.02472
1.04245 1.04262
1.06979 1.06966
1.10272 1.10288
1.13482 1.13567
1.15865 1.15968
1.16924 1.16995
1.16601 1.16545
1.15178 1.15206
1.13069 1.1308
1.10668 1.10735
1.08295 1.08293
1.06177 1.0622
1.04448 1.04553
1.03145 1.03244
1.02199 1.02279
1.01429 1.01479
1.00557 1.00566
0.992502 0.99208
0.97196 0.971778
0.942392 0.942619
0.90486 0.9054
0.862726 0.861909
0.820137 0.820755
0.780762 0.780457
0.747395 0.747705
0.721989 0.721861
0.705666 0.705102
0.698631 0.69923
0.700115 0.701063
0.70853 0.709372
0.721861 0.722917
0.738187 0.738439
0.756185 0.755496
0.775532 0.775293
0.797106 0.798161
0.822864 0.824356
0.855045 0.856057
0.89457 0.893627
0.939602 0.938451
0.986006 0.986282
1.02955 1.02999
1.06763 1.06746
1.09961 1.0998
1.12619 1.12595
1.14877 1.14826
1.16885 1.16894
1.1877 1.18763
1.20616 1.20659
1.22457 1.22486
1.24292 1.2434
1.26092 1.26119
1.27814 1.27756
1.29391 1.29442
1.30686 1.30735
1.31425 1.31386
1.31182 1.31022
1.29548 1.29626
1.26408 1.26454
1.22006 1.2194
1.16754 1.16737
1.11039 1.10975
1.05142 1.05045
0.992408 0.991528
0.934356 0.933306
0.877806 0.877586
0.82306 0.822827
0.770327 0.769302
0.719791 0.720209
0.671622 0.671558
0.625985 0.62606
0.583067 0.583047
0.543157 0.543393
0.506768 0.506903
0.474782 0.474735
0.448574 0.448787
0.430163 0.431283
0.42238 0.422883
0.428817 0.428192
0.453065 0.453064
0.496913 0.496693
0.558221 0.558985
0.630536 0.630481
0.705415 0.705586
0.775529 0.775931
0.836242 0.835618
0.885492 0.884975
0.922964 0.923877
0.94932 0.94906
0.965693 0.965632
0.973429 0.973264
0.973995 0.97355
0.968991 0.969804
0.960208 0.960737
0.949741 0.950505
0.940105 0.940331
0.934279 0.934704
0.935486 0.935825
0.946562 0.946404
0.968956 0.969103
1.00166 1.00229
1.04049 1.04069
1.07865 1.07863
1.10948 1.11004
1.1295 1.12986
1.13908 1.13907
1.14096 1.14183
1.13854 1.13832
1.13493 1.13438
1.13253 1.1324
1.13285 1.13243
1.13651 1.13624
1.14316 1.14231
1.15166 1.1511
1.16011 1.15996
1.16591 1.16546
1.16569 1.16535
1.15558 1.15549
1.13266 1.13241
1.09711 1.09692
1.05263 1.05238
1.00422 1.00432
0.956118 0.956006
0.911078 0.91118
0.870488 0.869727
0.834672 0.834231
0.803163 0.803366
0.774968 0.774913
0.748882 0.74878
0.723801 0.723953
0.698999 0.699109
0.674284 0.674655
0.650069 0.650238
0.627408 0.627774
0.608125 0.608609
0.594995 0.595879
0.591739 0.592454
0.602341 0.601875
0.629389 0.628736
0.672194 0.672508
0.726487 0.727264
0.7863 0.786906
0.84631 0.846966
0.902947 0.90299
0.954278 0.954833
0.999444 0.999824
1.03815 1.03857
1.07035 1.07033
1.09616 1.09635
1.11581 1.1159
1.12976 1.13015
1.13878 1.13908
1.14406 1.1445
1.14733 1.14784
1.15092 1.15136
1.15748 1.15799
1.16937 1.16998
1.18744 1.18863
1.2099 1.21086
1.23175 1.23248
1.24597 1.24593
1.24658 1.24695
1.23133 1.23118
1.20177 1.20197
1.16156 1.16115
1.11472 1.11468
1.06476 1.06494
1.01435 1.01366
0.965412 0.965448
0.919162 0.91884
0.876196 0.875764
0.836456 0.836373
0.799216 0.799052
0.763214 0.762656
0.727067 0.726721
0.689932 0.689823
0.65202 0.652043
0.614596 0.614647
0.579542 0.579042
0.548982 0.548773
0.52522 0.525397
0.510897 0.51131
0.509017 0.508835
0.522489 0.52339
0.552968 0.553095
0.59948 0.599193
0.658035 0.657839
0.722888 0.722851
0.788472 0.788808
0.850607 0.850787
0.906635 0.906543
0.954977 0.955342
0.994701 0.994278
1.02535 1.02541
1.04698 1.04767
1.06022 1.06053
1.06623 1.06632
1.06662 1.06717
1.06339 1.06408
1.05892 1.05906
1.05594 1.05701
1.05738 1.05696
1.06582 1.06606
1.08283 1.08343
1.10795 1.10808
1.13792 1.13866
1.16647 1.16675
1.1862 1.18651
1.19184 1.1915
1.18249 1.18293
1.16089 1.16154
1.13135 1.13169
1.09807 1.09877
1.06446 1.06505
1.03296 1.0331
1.00504 1.00403
0.981279 0.980898
0.961238 0.961145
0.943465 0.942859
0.925602 0.926771
0.904819 0.904712
0.878655 0.878541
0.846098 0.847043
0.808254 0.808381
0.767954 0.767513
0.728635 0.728716
0.693508 0.693786
0.66533 0.665094
0.646424 0.645829
0.638554 0.638354
0.642593 0.642536
0.658164 0.658199
0.683622 0.683928
0.716509 0.716013
0.754268 0.753374
0.794873 0.794411
0.837153 0.836939
0.880736 0.880999
0.925567 0.925682
0.971059 0.971187
1.01542 1.01471
1.05596 1.05633
1.09033 1.0907
1.11744 1.11746
1.1376 1.1377
1.15219 1.15189
1.16321 1.16286
1.17287 1.17326
1.18326 1.18322
1.19593 1.19643
1.21164 1.21136
1.23004 1.22954
1.24967 1.24903
1.26792 1.26782
1.28118 1.28066
1.28529 1.28507
1.27635 1.27644
1.25234 1.25209
1.21435 1.21421
1.16603 1.16643
1.11182 1.11228
1.0555 1.05444
0.999678 0.999185
0.945858 0.945588
0.894648 0.894456
0.845994 0.845818
0.799441 0.798791
0.754404 0.754915
0.710444 0.710174
0.667449 0.666762
0.62569 0.625502
0.585768 0.585983
0.548543 0.548539
0.515134 0.514866
0.48703 0.487288
0.466301 0.466317
0.455785 0.455743
0.459011 0.458764
0.479412 0.47916
0.5186 0.517604
0.574613 0.574437
0.641872 0.641285
0.71322 0.713444
0.782277 0.782325
0.844572 0.844863
0.897533 0.897757
0.940043 0.940487
0.971985 0.972421
0.993904 0.993131
1.00678 1.00615
1.01189 1.01172
1.01072 1.01033
1.00504 1.00432
0.996904 0.996755
0.988817 0.988305
0.983719 0.983372
0.98476 0.984264
0.994687 0.994456
1.01494 1.01436
1.04469 1.04466
1.08004 1.08113
1.11429 1.11349
1.14023 1.14047
1.15363 1.15359
1.1545 1.15429
1.14582 1.14706
1.1315 1.13145
1.11518 1.11553
1.09972 1.10004
1.08712 1.08755
1.07845 1.07828
1.07376 1.07336
1.07206 1.07206
1.07136 1.07158
1.06872 1.06893
1.0606 1.06045
1.04355 1.04368
1.01567 1.01634
0.978037 0.978754
0.934408 0.934394
0.889372 0.889346
0.846809 0.84746
0.80942 0.809353
0.778821 0.77901
0.755661 0.755469
0.739696 0.739256
0.729896 0.7298
0.72468 0.724471
0.722289 0.722061
0.721211 0.720824
0.720588 0.720375
0.720534 0.720386
0.722346 0.723007
0.728586 0.729609
0.74279 0.743186
0.768292 0.767616
0.80611 0.804972
0.853497 0.852002
0.905106 0.905945
0.955739 0.956541
1.00214 1.00226
1.04307 1.04245
1.07867 1.07836
1.10968 1.10965
1.13695 1.1369
1.16123 1.16082
1.18301 1.18297
1.20262 1.2024
1.22032 1.21987
1.23642 1.2359
1.25142 1.25088
1.26606 1.26594
1.28106 1.28102
1.2963 1.29636
1.30951 1.30992
1.31568 1.31642
1.30921 1.30844
1.28727 1.28718
1.25095 1.25047
1.20365 1.20401
1.14915 1.14884
1.0906 1.09071
1.03035 1.03091
0.970087 0.970757
0.910957 0.910515
0.853752 0.853768
0.798979 0.798935
0.746913 0.747119
0.697635 0.697682
0.651072 0.650668
0.607097 0.607341
0.565708 0.566033
0.527227 0.527786
0.492396 0.492671
0.462358 0.462203
0.43871 0.438197
0.423688 0.423229
0.42038 0.420274
0.432602 0.432713
0.463828 0.463519
0.514907 0.514534
0.581946 0.581083
0.65693 0.656832
0.731112 0.730964
0.798028 0.79838
0.854264 0.854083
0.898723 0.898424
0.931652 0.93162
0.953951 0.954037
0.966815 0.967385
0.971603 0.971968
0.969808 0.969914
0.963084 0.963372
0.953303 0.953128
0.942676 0.942307
0.93387 0.933511
0.930013 0.929587
0.934361 0.934642
0.949465 0.950567
0.97603 0.975712
1.01187 1.01201
1.0516 1.05152
1.08812 1.08851
1.11574 1.11606
1.13249 1.1326
1.13976 1.13974
1.14062 1.14034
1.13839 1.1389
1.1359 1.13658
1.13522 1.13609
1.13752 1.13798
1.14305 1.14359
1.15118 1.15159
1.16051 1.16097
1.16893 1.16967
1.17361 1.17367
1.17092 1.1709
1.15702 1.15717
1.12979 1.13001
1.0907 1.09086
1.04421 1.04398
0.995225 0.995036
0.947494 0.947975
0.903258 0.903618
0.863503 0.863194
0.828252 0.828764
0.796837 0.797547
0.768192 0.768208
0.741163 0.740875
0.714812 0.714339
0.688634 0.688251
0.662671 0.662374
0.637542 0.637323
0.614506 0.614055
0.595617 0.595438
0.583897 0.584134
0.583206 0.583058
0.597342 0.5972
0.628241 0.628169
0.674337 0.67506
0.730788 0.73067
0.791606 0.791536
0.851779 0.852206
0.908056 0.907969
0.958696 0.958742
1.00291 1.00263
1.04041 1.03996
1.07114 1.07036
1.09525 1.09508
1.11304 1.11247
1.1251 1.12489
1.13233 1.13256
1.13609 1.13581
1.13834 1.13808
1.14156 1.14144
1.14849 1.14809
1.16132 1.16093
1.18059 1.18018
1.20404 1.204
1.22625 1.22617
1.24009 1.24
1.23987 1.23992
1.22382 1.22397
1.19387 1.19396
1.15384 1.15356
1.10776 1.1086
1.05905 1.0605
1.01031 1.01085
0.963364 0.964786
0.919344 0.92022
0.878716 0.879313
0.841248 0.842392
0.806005 0.806889
0.771523 0.771756
0.73632 0.736799
0.699611 0.700321
0.661792 0.662048
0.624344 0.624307
0.589327 0.589087
0.558988 0.559197
0.535716 0.53625
0.522187 0.522542
0.521335 0.521647
0.535819 0.53724
0.56689 0.567642
0.613214 0.61278
0.670766 0.671404
0.734129 0.734168
0.798215 0.798322
0.859226 0.859156
0.914684 0.914104
0.96301 0.96316
1.00314 1.00261
1.03445 1.03392
1.05684 1.05729
1.07087 1.07101
1.07768 1.07784
1.07888 1.07907
1.07652 1.07669
1.07301 1.07326
1.0711 1.07174
1.07363 1.07362
1.08304 1.08338
1.10064 1.10112
1.1257 1.12596
1.15467 1.15511
1.18122 1.18091
1.19802 1.19856
1.20014 1.19915
1.187 1.1883
1.16161 1.16188
1.12839 1.12819
1.09161 1.09183
1.05462 1.05469
1.01979 1.02039
0.988567 0.988506
0.961434 0.961665
0.937932 0.938285
0.916623 0.915923
0.895255 0.895623
0.871238 0.870703
0.842485 0.842248
0.80836 0.808468
0.770137 0.770615
0.730519 0.731329
0.692678 0.692773
0.659626 0.66004
0.63408 0.634799
0.618474 0.618686
0.614769 0.61462
0.623982 0.623575
0.645702 0.64585
0.678034 0.677636
0.718146 0.719015
0.763112 0.763027
0.810589 0.810932
0.85906 0.858673
0.907647 0.908167
0.95557 0.956277
1.00151 1.00193
1.04342 1.0436
1.07918 1.07929
1.10742 1.10748
1.12806 1.12833
1.1421 1.14198
1.15133 1.15138
1.15801 1.15818
1.16455 1.16433
1.17315 1.17316
1.18538 1.18487
1.20181 1.20256
1.22164 1.22227
1.2425 1.24203
1.26046 1.26123
1.27059 1.27078
1.26814 1.26916
1.25032 1.25038
1.21758 1.21795
1.17324 1.17341
1.12182 1.12131
1.06746 1.06839
1.0132 1.01223
0.960936 0.960412
0.911608 0.911958
0.865344 0.865376
0.821666 0.821445
0.779731 0.779853
0.738657 0.739444
0.697868 0.698246
0.65732 0.658016
0.617545 0.618103
0.579534 0.580065
0.544601 0.545976
0.514367 0.514993
0.490898 0.491475
0.476897 0.477073
0.475711 0.475764
0.490745 0.491783
0.523991 0.523547
0.574316 0.574674
0.637086 0.637205
0.70579 0.706455
0.774266 0.774989
0.83794 0.838662
0.893924 0.894345
0.94063 0.941108
0.977404 0.978141
1.00429 1.00469
1.02186 1.02225
1.03114 1.0309
1.03347 1.03341
1.03053 1.03055
1.0243 1.02389
1.01719 1.01787
1.01205 1.01244
1.01196 1.01206
1.01975 1.01998
1.03715 1.03724
1.06385 1.06367
1.09669 1.09663
1.12948 1.12963
1.15472 1.155
1.16712 1.1673
1.16566 1.16475
1.15295 1.15322
1.13305 1.1328
1.10993 1.11119
1.08686 1.08704
1.06617 1.06684
1.04929 1.05012
1.03668 1.03743
1.02771 1.02836
1.02069 1.02132
1.0129 1.01307
1.001 1.0007
0.981759 0.981748
0.953358 0.953537
0.916558 0.917292
0.874579 0.873597
0.83161 0.832407
0.791434 0.791115
0.756935 0.757268
0.730122 0.730079
0.712161 0.711668
0.703305 0.703932
0.702855 0.703772
0.709289 0.710216
0.720635 0.721265
0.734975 0.735423
0.750948 0.750911
0.768159 0.76805
0.787418 0.788322
0.810691 0.812332
0.840437 0.841483
0.878077 0.877745
0.922335 0.920986
0.969261 0.968704
1.01432 1.01483
1.05444 1.05443
1.08854 1.08852
1.11706 1.11724
1.14123 1.14042
1.16252 1.16243
1.1822 1.18193
1.20115 1.20094
1.21981 1.21993
1.23823 1.23862
1.25626 1.2565
1.27362 1.27296
1.28986 1.28997
1.30403 1.30467
1.31395 1.31442
1.31568 1.31465
1.30465 1.30449
1.27844 1.27923
1.23844 1.23894
1.18845 1.18897
1.13252 1.13242
1.07382 1.07294
1.01445 1.0133
0.955666 0.955132
0.898175 0.897828
0.842397 0.842769
0.788611 0.787925
0.737029 0.737421
0.687831 0.688232
0.641166 0.641077
0.597183 0.596949
0.556098 0.556055
0.518315 0.518062
0.484564 0.484273
0.456024 0.455835
0.434447 0.435043
0.422336 0.423405
0.423029 0.42234
0.440288 0.440362
0.476885 0.476941
0.532377 0.53294
0.601758 0.601069
0.676855 0.676408
0.749548 0.748941
0.814119 0.813584
0.867653 0.867233
0.909326 0.909527
0.939541 0.939167
0.959317 0.958803
0.969946 0.969748
0.972857 0.97268
0.969599 0.969336
0.961882 0.961783
0.951672 0.951031
0.941312 0.940805
0.933612 0.932503
0.931759 0.930589
0.938847 0.9376
0.95699 0.956955
0.986225 0.98471
1.02358 1.02302
1.06303 1.06185
1.09747 1.09656
1.12202 1.12175
1.13569 1.13522
1.14055 1.14129
1.13988 1.13985
1.13695 1.13692
1.13443 1.13453
1.13415 1.1351
1.13705 1.13684
1.14313 1.14306
1.15152 1.15124
1.16061 1.16072
1.16811 1.16797
1.17095 1.1704
1.16538 1.16531
1.1478 1.14795
1.11698 1.11723
1.07538 1.07618
1.02783 1.02822
0.979021 0.979506
0.932296 0.933009
0.889524 0.88948
0.8514 0.850895
0.817725 0.818147
0.787679 0.787939
0.760123 0.759781
0.733911 0.733928
0.708184 0.708127
0.682567 0.682604
0.657254 0.657239
0.633036 0.633209
0.611389 0.611452
0.594648 0.594911
0.586136 0.586718
0.589849 0.589904
0.609238 0.608983
0.645257 0.645244
0.695153 0.695222
0.753434 0.753441
0.814255 0.813167
0.87317 0.872792
0.927506 0.927833
0.975926 0.976275
1.01787 1.01789
1.05316 1.05309
1.08183 1.08151
1.10404 1.10388
1.12019 1.11997
1.1309 1.13062
1.1372 1.13763
1.14061 1.14055
1.14322 1.14283
1.14764 1.14834
1.1565 1.15638
1.17158 1.17151
1.19253 1.19325
1.21597 1.2163
1.23561 1.23638
1.24446 1.2451
1.2381 1.23812
1.21623 1.21663
1.18171 1.18208
1.13854 1.13867
1.09059 1.09038
1.04098 1.04141
0.99203 0.991184
0.945295 0.945374
0.901684 0.901646
0.861445 0.861371
0.824134 0.824047
0.788649 0.788976
0.753506 0.753031
0.717439 0.717727
0.680062 0.680079
0.642172 0.642099
0.605468 0.605057
0.572052 0.571504
0.544171 0.544247
0.524293 0.52452
0.515227 0.515677
0.519959 0.519926
0.540872 0.541526
0.578433 0.578216
0.630226 0.62997
0.69138 0.691755
0.756251 0.755544
0.820035 0.820753
0.879386 0.878989
0.932212 0.931956
0.977202 0.977564
1.01353 1.01313
1.04085 1.04065
1.05938 1.05989
1.06994 1.06983
1.07388 1.074
1.073 1.07307
1.06946 1.06953
1.06584 1.06496
1.06496 1.0651
1.06962 1.06952
1.08198 1.08108
1.10274 1.10206
1.13021 1.13034
1.15968 1.15967
1.18406 1.1838
1.19653 1.19637
1.19371 1.19291
1.17661 1.17743
1.14899 1.14852
1.11531 1.11498
1.0795 1.07938
1.04453 1.0446
1.01242 1.01277
0.984235 0.983487
0.960108 0.959835
0.939177 0.938928
0.919611 0.919578
0.898869 0.898852
0.874323 0.873776
0.844213 0.844384
0.808564 0.808624
0.769336 0.769217
0.729626 0.729814
0.692689 0.692573
0.661468 0.661403
0.638553 0.638461
0.626157 0.625892
0.625839 0.625596
0.638039 0.637661
0.661768 0.661652
0.694794 0.69445
0.734315 0.733958
0.77774 0.777057
0.823197 0.822852
0.86965 0.869659
0.916582 0.917371
0.963347 0.96401
1.00849 1.00826
1.04973 1.05004
1.0848 1.0853
1.11245 1.11271
1.13274 1.13321
1.14685 1.14675
1.15667 1.15667
1.16447 1.16481
1.17256 1.17264
1.18291 1.18348
1.19675 1.19612
1.21423 1.21506
1.2342 1.23519
1.25408 1.2541
1.27001 1.27074
1.27734 1.2778
1.27176 1.27286
1.25091 1.25135
1.21556 1.21668
1.16924 1.17046
1.11644 1.1167
1.06112 1.06106
1.00615 1.00463
0.953236 0.953113
0.90315 0.903471
0.855923 0.856064
0.811055 0.81085
0.767793 0.76772
0.725438 0.72576
0.683631 0.683683
0.642496 0.642353
0.602625 0.602837
0.56497 0.565104
0.530763 0.531136
0.501568 0.501585
0.479453 0.479883
0.467191 0.467109
0.468225 0.468176
0.48597 0.48646
0.52222 0.521509
0.57541 0.575326
0.640421 0.639769
0.710436 0.710927
0.779212 0.779462
0.842246 0.842794
0.896807 0.896626
0.941521 0.941812
0.975979 0.976306
1.00046 1
1.01575 1.01527
1.02298 1.02263
1.0236 1.02352
1.01931 1.01932
1.01214 1.01205
1.00456 1.00491
0.999461 0.99989
0.999959 1.00058
1.00884 1.0086
1.02768 1.02816
1.05589 1.05642
1.08993 1.09094
1.12329 1.12393
1.1486 1.14934
1.16108 1.16164
1.1603 1.16001
1.1491 1.15037
1.13148 1.1315
1.11128 1.11287
1.09156 1.09222
1.0745 1.07529
1.06135 1.06219
1.05237 1.05248
1.04676 1.04721
1.04265 1.04322
1.03718 1.03764
1.02689 1.02706
1.00848 1.00884
0.98013 0.980874
0.942815 0.94376
0.900041 0.89993
0.856193 0.857134
0.815089 0.815433
0.779525 0.780142
0.751315 0.751811
0.731368 0.731124
0.71968 0.719883
0.715367 0.715875
0.71685 0.717247
0.722237 0.722134
0.729787 0.730286
0.738377 0.739049
0.747874 0.74855
0.759383 0.760907
0.775254 0.776963
0.798559 0.799305
0.83162 0.830984
0.874025 0.872738
0.922056 0.921451
0.970593 0.971538
1.01559 1.01578
1.05511 1.05513
1.08896 1.08916
1.11797 1.11818
1.1433 1.14327
1.16608 1.16585
1.18712 1.18609
1.20692 1.20646
1.22571 1.22569
1.24358 1.24297
1.26065 1.26005
1.27704 1.27661
1.29273 1.29251
1.30698 1.30793
1.31732 1.31792
1.31913 1.31937
1.30753 1.30778
1.28053 1.28137
1.23996 1.24024
1.18965 1.19051
1.13341 1.13414
1.07421 1.07368
1.01407 1.01344
0.95433 0.954846
0.895844 0.895872
0.839193 0.839502
0.784769 0.784489
0.732827 0.733122
0.683512 0.683696
0.636888 0.636749
0.593004 0.592885
0.552002 0.552085
0.514277 0.514314
0.480595 0.480137
0.452157 0.451873
0.430702 0.430767
0.4187 0.418956
0.419477 0.418857
0.436864 0.437096
0.473783 0.473544
0.52988 0.529796
0.600002 0.59869
0.675666 0.674969
0.748544 0.748248
0.812928 0.81289
0.866038 0.8657
0.907188 0.906495
0.936873 0.936139
0.95615 0.955522
0.966322 0.965878
0.968825 0.968483
0.965209 0.964693
0.957187 0.956717
0.946724 0.946013
0.936152 0.935626
0.92828 0.927356
0.926311 0.925503
0.933388 0.931896
0.951663 0.951615
0.981165 0.979586
1.01887 1.01835
1.05873 1.05722
1.09371 1.09228
1.11898 1.1185
1.13362 1.13326
1.13963 1.13983
1.14023 1.13973
1.13863 1.13912
1.13744 1.13824
1.13846 1.14002
1.14256 1.14304
1.14971 1.15018
1.15905 1.15968
1.16898 1.16976
1.17728 1.17786
1.18097 1.18008
1.17627 1.17624
1.15952 1.15999
1.12929 1.12997
1.08794 1.08834
1.04028 1.04093
0.99104 0.991998
0.943592 0.944978
0.899825 0.900481
0.860435 0.860598
0.825233 0.826108
0.793431 0.794319
0.763944 0.763744
0.735706 0.735111
0.707945 0.707199
0.680351 0.679889
0.653145 0.652523
0.627089 0.625838
0.603569 0.602168
0.58477 0.583695
0.573835 0.572766
0.574661 0.573743
0.590865 0.591078
0.623958 0.624984
0.671894 0.672613
0.729585 0.728825
0.791095 0.789785
0.851583 0.851821
0.907925 0.907589
0.958424 0.958056
1.00227 1.00159
1.03913 1.03786
1.06895 1.06725
1.0919 1.09099
1.10836 1.10722
1.119 1.11818
1.12486 1.12526
1.12744 1.12711
1.12882 1.12804
1.13159 1.13227
1.13852 1.13865
1.15176 1.15143
1.1717 1.17105
1.19594 1.19563
1.21893 1.21835
1.23349 1.2331
1.23396 1.23352
1.21863 1.21865
1.18954 1.18945
1.15056 1.14986
1.10575 1.10601
1.05853 1.05948
1.01151 1.01167
0.966464 0.967396
0.924499 0.924995
0.886005 0.886337
0.850633 0.851674
0.817284 0.81714
0.784326 0.783556
0.750158 0.749568
0.713967 0.714359
0.676229 0.675475
0.63857 0.63766
0.603198 0.602926
0.57247 0.572819
0.548835 0.549456
0.534953 0.534824
0.533654 0.533
0.547401 0.54833
0.577238 0.577595
0.621787 0.62124
0.677243 0.678291
0.738592 0.738775
0.801135 0.800467
0.861326 0.861008
0.916771 0.91603
0.965831 0.966173
1.00728 1.0072
1.04024 1.03997
1.06442 1.06401
1.08018 1.08105
1.08858 1.08901
1.0912 1.09164
1.09008 1.08985
1.08762 1.08779
1.08656 1.08604
1.08965 1.0894
1.09923 1.09831
1.11652 1.11681
1.14077 1.14131
1.16853 1.16959
1.19362 1.19444
1.20885 1.21069
1.20919 1.20863
1.19391 1.19407
1.16595 1.16668
1.1298 1.12949
1.08982 1.08983
1.04944 1.04931
1.01107 1.01176
0.976179 0.977363
0.94529 0.946719
0.918021 0.919729
0.893063 0.893742
0.868365 0.869304
0.841603 0.841184
0.810961 0.810887
0.77595 0.776992
0.737762 0.739436
0.698836 0.69981
0.66207 0.66256
0.630311 0.631226
0.606273 0.607666
0.59255 0.592188
0.591387 0.591823
0.604092 0.604671
0.630372 0.630968
0.668162 0.666916
0.714219 0.715491
0.765124 0.766227
0.81806 0.81755
0.871047 0.870952
0.922704 0.92147
0.97175 0.971902
1.0166 1.01565
1.05545 1.05386
1.08679 1.08533
1.11005 1.10983
1.12571 1.12597
1.13514 1.13588
1.14033 1.14167
1.14368 1.14376
1.14776 1.14733
1.15493 1.1551
1.16686 1.16534
1.18409 1.18433
1.2055 1.2053
1.22796 1.2279
1.24647 1.24623
1.25515 1.25571
1.24931 1.24951
1.22743 1.22682
1.19163 1.19163
1.14617 1.1434
1.09562 1.09229
1.04372 1.04349
0.993065 0.993287
0.945208 0.945508
0.900779 0.90053
0.859619 0.859522
0.820916 0.821018
0.783462 0.784223
0.746046 0.746281
0.707909 0.707377
0.669065 0.668656
0.630335 0.630908
0.593139 0.592857
0.559252 0.560576
0.530735 0.531866
0.510052 0.509763
0.500188 0.498573
0.504429 0.503251
0.525445 0.524482
0.563778 0.562728
0.616811 0.616233
0.679375 0.678782
0.745618 0.745562
0.810607 0.811146
0.870856 0.871032
0.924108 0.923248
0.96896 0.968345
1.00464 1.00361
1.03096 1.03078
1.04833 1.04877
1.05767 1.05768
1.06036 1.06008
1.05817 1.05783
1.0533 1.05274
1.04833 1.0487
1.04621 1.04687
1.04987 1.04969
1.06161 1.0617
1.08227 1.0821
1.11036 1.11029
1.14139 1.14123
1.16835 1.16828
1.1842 1.18395
1.18522 1.18462
1.17213 1.17351
1.14854 1.14865
1.11886 1.11723
1.08702 1.08691
1.05604 1.05733
1.028 1.02856
1.00401 1.00425
0.984235 0.984671
0.967762 0.96847
0.952635 0.953469
0.936089 0.936746
0.915156 0.914658
0.887664 0.88762
0.853315 0.853991
0.814033 0.813739
0.773166 0.772782
0.73429 0.733854
0.700539 0.700675
0.6745 0.67518
0.658213 0.658516
0.652997 0.65361
0.659132 0.659452
0.675664 0.675883
0.700606 0.700413
0.731501 0.731031
0.766107 0.764957
0.802914 0.802575
0.841364 0.841192
0.8817 0.881871
0.924329 0.924742
0.968769 0.968317
1.01296 1.01191
1.05386 1.05384
1.08887 1.08848
1.11689 1.11616
1.13828 1.13715
1.15447 1.15284
1.16742 1.16626
1.17924 1.17856
1.19174 1.19103
1.20619 1.20563
1.22297 1.22202
1.24156 1.2404
1.26052 1.26009
1.27755 1.27744
1.28961 1.28989
1.29299 1.29268
1.28392 1.28321
1.2601 1.25891
1.22225 1.2214
1.17382 1.17381
1.11921 1.11911
1.06217 1.06131
1.00532 1.00581
0.950154 0.95093
0.897278 0.89753
0.846708 0.847153
0.798124 0.797979
0.75114 0.752643
0.705515 0.70631
0.661275 0.6615
0.618715 0.618739
0.578355 0.578584
0.540909 0.540716
0.507332 0.506683
0.478966 0.47935
0.457747 0.458635
0.446404 0.447106
0.448434 0.448391
0.467426 0.467611
0.505399 0.504557
0.560878 0.561258
0.628488 0.628864
0.700836 0.701897
0.771067 0.771469
0.834307 0.834546
0.887797 0.888474
0.930427 0.931957
0.962189 0.963155
0.98376 0.98336
0.996219 0.996097
1.00089 1.00142
0.99928 0.999328
0.993116 0.992883
0.984421 0.98491
0.975633 0.975914
0.969651 0.969551
0.969648 0.967767
0.978496 0.978988
0.997879 0.996718
1.0273 1.02679
1.06323 1.06356
1.09923 1.09887
1.12804 1.12934
1.14508 1.14498
1.14996 1.14997
1.14534 1.14622
1.13499 1.13467
1.12246 1.12128
1.1106 1.11031
1.10143 1.10043
1.096 1.09593
1.0944 1.09445
1.09572 1.096
1.09805 1.09892
1.09862 1.09874
1.09395 1.09463
1.08037 1.08085
1.05539 1.05572
1.01944 1.01954
0.976011 0.975654
0.92987 0.929601
0.885167 0.885792
0.84478 0.845351
0.810379 0.810053
0.7826 0.782846
0.761192 0.761118
0.745172 0.74482
0.733066 0.732888
0.723258 0.722996
0.714384 0.714393
0.705678 0.705976
0.697235 0.697933
0.690189 0.691737
0.686838 0.688581
0.690625 0.692541
0.705529 0.705892
0.734353 0.733078
0.776571 0.777576
0.827887 0.829742
0.882403 0.883024
0.935244 0.935503
0.98364 0.983444
1.02662 1.02563
1.06426 1.06364
1.09709 1.0968
1.12567 1.12599
1.15048 1.15083
1.17186 1.17243
1.19009 1.19061
1.20551 1.20651
1.2187 1.22061
1.23063 1.2329
1.24269 1.24497
1.25637 1.25731
1.27224 1.27227
1.28846 1.28745
1.3001 1.29923
1.30087 1.29976
1.28658 1.28467
1.25701 1.2566
1.21488 1.21355
1.16393 1.16399
1.10762 1.10855
1.04874 1.05023
0.989354 0.989878
0.93094 0.930527
0.874496 0.874398
0.820642 0.820873
0.769666 0.770018
0.721556 0.721321
0.676046 0.675835
0.632766 0.632962
0.591509 0.591382
0.5525 0.552011
0.516485 0.515676
0.48463 0.483461
0.458477 0.458058
0.440084 0.439063
0.432268 0.432065
0.438637 0.4396
0.462889 0.46393
0.506892 0.50817
0.568357 0.569063
0.6405 0.641379
0.714732 0.714716
0.783953 0.783739
0.843925 0.84396
0.892875 0.89278
0.930566 0.93122
0.957553 0.957755
0.974782 0.97536
0.983439 0.983943
0.984899 0.985044
0.980727 0.9808
0.972708 0.973273
0.962933 0.963557
0.953913 0.954525
0.948633 0.950187
0.950343 0.949959
0.961882 0.962848
0.984607 0.984846
1.01728 1.01799
1.05539 1.05678
1.09199 1.09275
1.1205 1.12205
1.13764 1.1371
1.14399 1.14277
1.1424 1.14175
1.13639 1.13548
1.12916 1.12717
1.12319 1.12231
1.12009 1.1193
1.12053 1.12103
1.12427 1.12387
1.13012 1.12935
1.13606 1.13562
1.13927 1.13845
1.13619 1.1361
1.12301 1.12238
1.09731 1.09588
1.05999 1.05953
1.01503 1.01323
0.967341 0.965752
0.920921 0.920274
0.87836 0.878891
0.840988 0.840557
0.809117 0.809834
0.782254 0.782857
0.759326 0.759527
0.738979 0.739309
0.719909 0.720097
0.701181 0.701794
0.682462 0.68274
0.664154 0.6635
0.647495 0.64733
0.634694 0.635626
0.62904 0.630381
0.634604 0.634534
0.654986 0.653159
0.691222 0.688319
0.740463 0.741155
0.797071 0.799174
0.855234 0.855522
0.91079 0.911048
0.961508 0.961725
1.00654 1.00684
1.04577 1.04705
1.07936 1.08046
1.10755 1.10905
1.13056 1.13226
1.14867 1.1503
1.16231 1.16356
1.17221 1.17336
1.17958 1.17989
1.18619 1.18598
1.19433 1.19386
1.20621 1.20676
1.22287 1.22418
1.24277 1.24304
1.26112 1.26187
1.2711 1.27156
1.26712 1.26803
1.24731 1.24809
1.21343 1.21423
1.16907 1.16942
1.11807 1.11803
1.06371 1.06496
1.00856 1.00883
0.954418 0.953448
0.90252 0.902544
0.853555 0.853695
0.807705 0.807525
0.764655 0.764783
0.723656 0.723398
0.683801 0.682548
0.644495 0.644341
0.605878 0.606354
0.568884 0.568567
0.534987 0.533791
0.505958 0.50477
0.483902 0.484257
0.471452 0.471502
0.471853 0.472936
0.488497 0.48964
0.523521 0.522667
0.575908 0.575745
0.640775 0.640468
0.711004 0.709261
0.779896 0.779255
0.842776 0.843201
0.897065 0.897694
0.941654 0.941576
0.976281 0.976518
1.0012 1.00055
1.01707 1.01621
1.02494 1.02486
1.02618 1.02687
1.02248 1.02327
1.01584 1.01653
1.00866 1.00767
1.00375 1.00353
1.0042 1.00516
1.01283 1.01345
1.03136 1.03259
1.05928 1.06032
1.09305 1.09514
1.1261 1.12884
1.15109 1.15315
1.16329 1.16517
1.16224 1.16204
1.15066 1.15138
1.1325 1.13245
1.11157 1.11438
1.09095 1.09134
1.07283 1.07538
1.05851 1.05997
1.0483 1.04927
1.04147 1.04222
1.03622 1.03665
1.02979 1.02975
1.01873 1.01803
0.999756 0.999362
0.971074 0.971804
0.933672 0.935597
0.891024 0.8921
0.847435 0.849155
0.806651 0.806969
0.77144 0.772037
0.743641 0.743943
0.724226 0.724137
0.713272 0.713642
0.709968 0.710706
0.712786 0.713857
0.719851 0.720226
0.729402 0.729417
0.740265 0.740482
0.752232 0.752541
0.766325 0.767257
0.784791 0.785885
0.810522 0.810592
0.845515 0.844421
0.888974 0.887411
0.936997 0.936782
0.984618 0.985598
1.02813 1.02819
1.06591 1.06581
1.098 1.09883
1.12535 1.12638
1.14926 1.15045
1.17088 1.17197
1.19108 1.19114
1.21035 1.21085
1.22888 1.22964
1.24674 1.24627
1.26393 1.26308
1.28045 1.27927
1.29602 1.29514
1.30946 1.30937
1.31772 1.31728
1.31595 1.31469
1.29984 1.30064
1.26854 1.26962
1.22469 1.22431
1.17233 1.17278
1.11512 1.11551
1.05576 1.05478
0.996015 0.994841
0.937001 0.936882
0.87942 0.879277
0.82374 0.823426
0.770278 0.76938
0.719251 0.71881
0.670793 0.669627
0.624984 0.624141
0.581917 0.581491
0.541818 0.541345
0.505187 0.504727
0.472914 0.471963
0.446353 0.445573
0.427456 0.427363
0.418958 0.418801
0.424399 0.42375
0.447486 0.447719
0.49034 0.489932
0.551187 0.551524
0.623656 0.623112
0.699063 0.699285
0.769778 0.770069
0.831008 0.830808
0.880658 0.880102
0.918439 0.919033
0.945036 0.94449
0.961588 0.961037
0.969442 0.968781
0.970063 0.969125
0.965046 0.965382
0.956174 0.955867
